{"n": 50, "m": 50, "facilities": [{"i": 0, "x": 388, "y": 447}, {"i": 1, "x": 717, "y": 357}, {"i": 2, "x": 927, "y": 87}, {"i": 3, "x": 51, "y": 712}, {"i": 4, "x": 35, "y": 399}, {"i": 5, "x": 468, "y": 998}, {"i": 6, "x": 162, "y": 3}, {"i": 7, "x": 799, "y": 630}, {"i": 8, "x": 270, "y": 73}, {"i": 9, "x": 446, "y": 784}, {"i": 10, "x": 510, "y": 790}, {"i": 11, "x": 653, "y": 378}, {"i": 12, "x": 2, "y": 841}, {"i": 13, "x": 97, "y": 639}, {"i": 14, "x": 292, "y": 799}, {"i": 15, "x": 180, "y": 817}, {"i": 16, "x": 731, "y": 514}, {"i": 17, "x": 873, "y": 671}, {"i": 18, "x": 341, "y": 81}, {"i": 19, "x": 236, "y": 672}, {"i": 20, "x": 47, "y": 351}, {"i": 21, "x": 544, "y": 77}, {"i": 22, "x": 477, "y": 981}, {"i": 23, "x": 357, "y": 571}, {"i": 24, "x": 666, "y": 600}, {"i": 25, "x": 577, "y": 150}, {"i": 26, "x": 193, "y": 639}, {"i": 27, "x": 531, "y": 827}, {"i": 28, "x": 63, "y": 582}, {"i": 29, "x": 439, "y": 500}, {"i": 30, "x": 685, "y": 644}, {"i": 31, "x": 529, "y": 204}, {"i": 32, "x": 548, "y": 577}, {"i": 33, "x": 560, "y": 686}, {"i": 34, "x": 805, "y": 90}, {"i": 35, "x": 415, "y": 609}, {"i": 36, "x": 145, "y": 486}, {"i": 37, "x": 781, "y": 102}, {"i": 38, "x": 852, "y": 806}, {"i": 39, "x": 688, "y": 798}, {"i": 40, "x": 997, "y": 980}, {"i": 41, "x": 883, "y": 610}, {"i": 42, "x": 774, "y": 572}, {"i": 43, "x": 204, "y": 871}, {"i": 44, "x": 728, "y": 13}, {"i": 45, "x": 345, "y": 526}, {"i": 46, "x": 859, "y": 451}, {"i": 47, "x": 478, "y": 30}, {"i": 48, "x": 995, "y": 30}, {"i": 49, "x": 35, "y": 946}], "users": [{"i": 0, "x": 881, "y": 228}, {"i": 1, "x": 419, "y": 804}, {"i": 2, "x": 890, "y": 240}, {"i": 3, "x": 203, "y": 652}, {"i": 4, "x": 810, "y": 436}, {"i": 5, "x": 573, "y": 456}, {"i": 6, "x": 482, "y": 649}, {"i": 7, "x": 226, "y": 89}, {"i": 8, "x": 653, "y": 763}, {"i": 9, "x": 205, "y": 948}, {"i": 10, "x": 258, "y": 142}, {"i": 11, "x": 305, "y": 675}, {"i": 12, "x": 923, "y": 395}, {"i": 13, "x": 942, "y": 884}, {"i": 14, "x": 863, "y": 862}, {"i": 15, "x": 919, "y": 385}, {"i": 16, "x": 915, "y": 244}, {"i": 17, "x": 178, "y": 344}, {"i": 18, "x": 820, "y": 427}, {"i": 19, "x": 678, "y": 398}, {"i": 20, "x": 503, "y": 851}, {"i": 21, "x": 90, "y": 182}, {"i": 22, "x": 993, "y": 410}, {"i": 23, "x": 975, "y": 984}, {"i": 24, "x": 840, "y": 436}, {"i": 25, "x": 473, "y": 743}, {"i": 26, "x": 584, "y": 147}, {"i": 27, "x": 796, "y": 39}, {"i": 28, "x": 156, "y": 984}, {"i": 29, "x": 434, "y": 513}, {"i": 30, "x": 267, "y": 772}, {"i": 31, "x": 476, "y": 589}, {"i": 32, "x": 979, "y": 416}, {"i": 33, "x": 700, "y": 961}, {"i": 34, "x": 190, "y": 286}, {"i": 35, "x": 131, "y": 398}, {"i": 36, "x": 313, "y": 930}, {"i": 37, "x": 257, "y": 989}, {"i": 38, "x": 197, "y": 230}, {"i": 39, "x": 550, "y": 281}, {"i": 40, "x": 719, "y": 608}, {"i": 41, "x": 617, "y": 923}, {"i": 42, "x": 323, "y": 714}, {"i": 43, "x": 968, "y": 986}, {"i": 44, "x": 187, "y": 125}, {"i": 45, "x": 130, "y": 738}, {"i": 46, "x": 521, "y": 327}, {"i": 47, "x": 911, "y": 833}, {"i": 48, "x": 387, "y": 796}, {"i": 49, "x": 282, "y": 429}], "distances": [[539, 209, 148, 961, 863, 874, 753, 410, 630, 706, 673, 273, 1072, 885, 820, 916, 323, 443, 560, 783, 843, 369, 855, 626, 430, 314, 801, 694, 891, 519, 460, 353, 482, 559, 158, 602, 780, 161, 579, 602, 761, 382, 360, 934, 264, 613, 224, 449, 228, 1110], [358, 537, 879, 379, 558, 200, 841, 418, 746, 34, 92, 486, 419, 362, 127, 239, 426, 473, 727, 226, 586, 738, 186, 241, 320, 673, 280, 114, 420, 305, 310, 610, 261, 184, 812, 195, 420, 790, 433, 269, 604, 503, 424, 225, 849, 288, 564, 776, 965, 409], [543, 209, 157, 963, 870, 868, 766, 400, 642, 702, 669, 274, 1072, 888, 819, 915, 317, 431, 572, 784, 850, 382, 848, 627, 424, 326, 803, 688, 895, 521, 453, 363, 480, 555, 172, 601, 785, 176, 567, 593, 748, 370, 352, 932, 279, 615, 213, 462, 235, 1109], [276, 593, 918, 163, 304, 436, 650, 596, 583, 277, 337, 527, 276, 107, 172, 167, 546, 670, 587, 39, 339, 669, 428, 174, 466, 626, 16, 372, 157, 281, 482, 554, 353, 359, 824, 216, 176, 798, 667, 506, 859, 681, 577, 219, 827, 190, 686, 680, 1007, 339], [422, 122, 368, 808, 776, 658, 779, 194, 651, 504, 464, 167, 904, 741, 633, 736, 111, 243, 588, 621, 768, 447, 639, 473, 218, 369, 650, 480, 761, 376, 243, 364, 298, 354, 346, 431, 667, 335, 372, 382, 575, 189, 141, 746, 431, 474, 51, 524, 446, 928], [185, 175, 511, 581, 541, 552, 612, 285, 488, 352, 340, 112, 689, 510, 443, 534, 168, 369, 441, 400, 536, 380, 534, 245, 171, 306, 422, 373, 525, 141, 219, 256, 124, 230, 433, 220, 429, 411, 448, 361, 674, 346, 232, 555, 469, 239, 286, 436, 600, 728], [223, 375, 717, 436, 512, 349, 721, 318, 614, 140, 144, 320, 517, 385, 242, 346, 283, 392, 585, 247, 527, 575, 332, 147, 190, 508, 289, 185, 424, 155, 203, 447, 98, 86, 646, 78, 374, 623, 402, 254, 612, 403, 302, 356, 682, 184, 426, 619, 804, 537], [393, 559, 701, 647, 364, 941, 107, 788, 47, 729, 756, 516, 785, 565, 713, 729, 660, 870, 115, 583, 317, 318, 927, 499, 674, 356, 551, 799, 519, 463, 720, 324, 585, 684, 579, 553, 405, 555, 952, 846, 1178, 839, 730, 782, 508, 453, 729, 259, 771, 878], [412, 411, 729, 604, 717, 299, 905, 197, 789, 208, 146, 385, 656, 570, 363, 476, 261, 238, 750, 427, 733, 695, 280, 353, 164, 618, 476, 138, 617, 339, 123, 573, 214, 121, 690, 283, 579, 673, 204, 49, 407, 276, 226, 462, 754, 389, 374, 754, 809, 645], [533, 782, 1124, 282, 575, 268, 946, 674, 877, 292, 343, 725, 229, 327, 173, 133, 682, 723, 878, 278, 618, 935, 274, 406, 578, 880, 309, 348, 393, 505, 568, 811, 505, 441, 1047, 399, 466, 1023, 662, 506, 793, 758, 682, 77, 1071, 445, 821, 958, 1211, 170], [332, 507, 671, 606, 340, 881, 169, 729, 70, 669, 695, 460, 744, 522, 658, 679, 602, 811, 103, 530, 297, 293, 867, 440, 613, 319, 501, 737, 481, 401, 659, 278, 523, 622, 549, 493, 362, 525, 891, 784, 1117, 781, 672, 731, 487, 394, 676, 247, 745, 834], [243, 520, 856, 257, 386, 362, 687, 496, 603, 178, 235, 458, 345, 211, 125, 189, 455, 568, 595, 69, 414, 644, 351, 116, 369, 591, 118, 272, 259, 220, 381, 522, 262, 255, 770, 128, 248, 745, 562, 402, 756, 582, 480, 220, 786, 154, 598, 668, 945, 383], [538, 209, 308, 928, 888, 755, 856, 266, 728, 616, 571, 271, 1023, 861, 749, 854, 226, 280, 661, 741, 877, 495, 736, 593, 329, 424, 770, 583, 880, 495, 344, 438, 417, 465, 327, 551, 783, 326, 417, 467, 590, 219, 231, 862, 429, 593, 85, 576, 372, 1045], [706, 573, 797, 907, 1029, 488, 1177, 291, 1053, 506, 442, 583, 941, 880, 656, 765, 426, 224, 1003, 737, 1042, 900, 475, 663, 396, 820, 788, 415, 929, 633, 352, 796, 499, 430, 806, 594, 891, 798, 119, 268, 111, 280, 354, 738, 897, 696, 441, 972, 856, 909], [631, 526, 778, 826, 949, 418, 1109, 241, 987, 424, 360, 528, 861, 798, 574, 684, 372, 191, 939, 655, 963, 847, 404, 584, 328, 767, 706, 334, 848, 558, 281, 738, 425, 350, 774, 515, 810, 764, 57, 186, 179, 253, 303, 659, 860, 617, 411, 917, 842, 832], [535, 204, 298, 928, 884, 761, 848, 273, 720, 619, 576, 266, 1024, 860, 751, 856, 228, 290, 653, 741, 873, 485, 742, 592, 332, 415, 769, 588, 878, 494, 349, 430, 418, 468, 316, 552, 781, 315, 426, 473, 600, 228, 237, 865, 418, 591, 89, 566, 363, 1047], [565, 228, 157, 983, 894, 877, 791, 403, 667, 715, 680, 294, 1091, 908, 834, 932, 327, 429, 597, 803, 875, 407, 857, 647, 434, 351, 823, 698, 917, 540, 461, 388, 496, 567, 189, 619, 807, 195, 566, 599, 741, 367, 357, 948, 297, 636, 214, 487, 228, 1126], [234, 539, 792, 389, 153, 715, 341, 684, 286, 515, 556, 476, 527, 306, 469, 473, 579, 768, 309, 333, 131, 453, 704, 289, 551, 444, 295, 598, 264, 304, 589, 378, 437, 513, 676, 356, 146, 650, 817, 683, 1037, 754, 638, 528, 642, 247, 689, 434, 875, 619], [432, 125, 356, 820, 785, 671, 783, 204, 654, 517, 477, 174, 917, 753, 646, 749, 124, 250, 591, 633, 777, 446, 652, 485, 232, 368, 662, 493, 773, 388, 256, 367, 311, 367, 337, 444, 678, 327, 380, 394, 581, 194, 152, 759, 424, 485, 46, 524, 434, 941], [294, 57, 398, 701, 643, 636, 650, 262, 522, 450, 426, 32, 808, 629, 557, 651, 128, 335, 463, 520, 633, 348, 617, 365, 202, 268, 542, 453, 642, 260, 246, 245, 221, 311, 333, 337, 540, 313, 444, 400, 664, 295, 199, 670, 388, 357, 189, 419, 486, 845], [420, 538, 874, 473, 651, 151, 914, 369, 812, 88, 61, 496, 501, 458, 217, 325, 407, 411, 787, 321, 677, 775, 133, 316, 299, 705, 376, 37, 516, 357, 276, 648, 278, 175, 819, 258, 511, 799, 352, 192, 511, 450, 389, 300, 868, 361, 535, 821, 957, 478], [399, 651, 842, 531, 224, 899, 193, 839, 210, 699, 739, 596, 665, 457, 649, 641, 722, 923, 271, 511, 174, 466, 888, 472, 712, 488, 468, 781, 401, 472, 753, 440, 605, 689, 721, 537, 309, 696, 985, 859, 1208, 901, 787, 698, 660, 428, 815, 417, 918, 766], [606, 281, 330, 989, 958, 788, 925, 293, 798, 663, 615, 342, 1081, 925, 802, 909, 282, 287, 730, 801, 948, 559, 770, 656, 378, 491, 832, 622, 946, 561, 387, 508, 475, 513, 371, 611, 851, 374, 420, 494, 570, 228, 272, 914, 477, 658, 140, 640, 380, 1098], [796, 678, 898, 963, 1107, 507, 1274, 395, 1152, 566, 504, 686, 983, 943, 708, 812, 530, 329, 1103, 802, 1123, 1004, 498, 743, 493, 924, 855, 471, 997, 722, 447, 899, 590, 511, 910, 674, 968, 903, 216, 342, 22, 385, 458, 779, 1002, 779, 545, 1076, 954, 941], [452, 146, 360, 836, 806, 674, 804, 198, 676, 526, 484, 196, 931, 770, 657, 762, 134, 237, 612, 648, 798, 465, 655, 502, 239, 389, 678, 498, 791, 406, 259, 388, 324, 375, 348, 459, 697, 339, 370, 393, 566, 179, 151, 771, 438, 503, 24, 544, 435, 953], [308, 457, 798, 423, 557, 255, 803, 345, 700, 49, 60, 407, 481, 390, 189, 302, 345, 406, 675, 247, 579, 670, 238, 207, 240, 602, 299, 102, 440, 245, 234, 542, 182, 104, 733, 146, 417, 711, 384, 222, 575, 431, 346, 298, 773, 252, 484, 713, 884, 483], [358, 249, 348, 777, 604, 859, 446, 529, 323, 652, 647, 241, 906, 692, 714, 782, 395, 598, 252, 630, 574, 81, 841, 481, 460, 8, 628, 682, 679, 382, 507, 79, 432, 540, 228, 492, 555, 202, 711, 659, 930, 551, 466, 818, 197, 448, 410, 158, 427, 969], [577, 328, 140, 1004, 842, 1014, 635, 591, 527, 823, 804, 368, 1129, 921, 912, 992, 479, 637, 457, 845, 811, 255, 995, 690, 576, 246, 851, 831, 912, 583, 615, 314, 592, 689, 52, 686, 790, 65, 769, 767, 962, 578, 533, 1021, 73, 664, 417, 318, 199, 1184], [585, 841, 1183, 292, 597, 312, 981, 734, 918, 352, 404, 784, 210, 350, 230, 169, 743, 782, 922, 322, 642, 987, 321, 459, 638, 934, 347, 407, 413, 561, 629, 865, 565, 502, 1105, 456, 498, 1081, 718, 564, 841, 818, 743, 123, 1127, 495, 882, 1007, 1270, 127], [80, 323, 652, 432, 415, 486, 578, 383, 470, 271, 287, 257, 542, 360, 319, 396, 297, 467, 442, 254, 420, 450, 470, 96, 248, 390, 272, 329, 377, 14, 283, 323, 131, 214, 563, 98, 290, 538, 510, 382, 731, 459, 345, 426, 580, 90, 429, 485, 740, 589], [347, 612, 951, 224, 439, 302, 776, 551, 699, 179, 244, 552, 274, 216, 37, 98, 531, 614, 695, 105, 475, 748, 296, 220, 434, 695, 152, 270, 279, 322, 437, 626, 342, 305, 869, 220, 311, 844, 586, 422, 759, 637, 545, 117, 888, 258, 673, 771, 1039, 290], [167, 335, 675, 442, 480, 409, 665, 326, 556, 197, 204, 275, 537, 382, 279, 374, 266, 405, 526, 254, 491, 516, 392, 120, 190, 450, 287, 244, 413, 96, 216, 389, 73, 128, 598, 64, 347, 575, 434, 298, 651, 408, 298, 392, 629, 145, 407, 559, 763, 567], [592, 269, 333, 974, 944, 774, 915, 280, 788, 648, 600, 328, 1065, 910, 787, 894, 267, 276, 721, 786, 934, 551, 756, 641, 363, 482, 817, 608, 931, 546, 372, 497, 460, 498, 370, 596, 837, 371, 410, 480, 564, 216, 258, 899, 475, 643, 125, 632, 386, 1083], [601, 604, 903, 695, 871, 235, 1099, 345, 987, 310, 256, 585, 708, 684, 439, 540, 448, 338, 950, 547, 894, 898, 224, 519, 363, 820, 601, 216, 741, 530, 317, 776, 413, 309, 877, 453, 731, 863, 217, 163, 298, 396, 396, 504, 948, 561, 534, 957, 977, 665], [255, 532, 763, 448, 192, 764, 284, 699, 228, 560, 597, 472, 586, 365, 523, 531, 587, 784, 255, 389, 157, 411, 752, 330, 570, 410, 353, 640, 322, 328, 611, 349, 461, 545, 645, 394, 205, 619, 842, 714, 1064, 765, 650, 585, 603, 286, 689, 385, 845, 678], [262, 587, 855, 324, 96, 688, 396, 707, 353, 498, 545, 522, 461, 243, 432, 422, 611, 791, 380, 293, 96, 523, 678, 285, 572, 510, 249, 587, 196, 324, 606, 443, 454, 517, 741, 354, 89, 714, 828, 686, 1043, 781, 666, 479, 710, 249, 730, 506, 939, 556], [489, 701, 1043, 341, 599, 169, 939, 571, 858, 197, 242, 648, 323, 362, 133, 175, 590, 617, 849, 269, 637, 884, 172, 362, 483, 823, 315, 241, 428, 448, 469, 757, 424, 347, 973, 337, 475, 951, 553, 398, 686, 654, 584, 124, 1007, 405, 726, 915, 1129, 278], [558, 782, 1124, 345, 630, 211, 991, 650, 916, 279, 322, 728, 295, 385, 193, 188, 671, 693, 912, 318, 672, 956, 220, 430, 564, 898, 356, 318, 451, 522, 550, 831, 504, 429, 1053, 412, 515, 1030, 623, 471, 740, 732, 664, 129, 1084, 471, 807, 984, 1210, 226], [289, 535, 744, 504, 234, 814, 230, 723, 173, 607, 642, 479, 641, 421, 577, 587, 605, 807, 207, 444, 193, 379, 801, 377, 597, 388, 409, 684, 377, 363, 640, 333, 494, 583, 624, 437, 261, 598, 872, 751, 1097, 784, 671, 641, 574, 331, 698, 345, 823, 734], [232, 183, 424, 659, 528, 722, 477, 429, 349, 514, 511, 141, 784, 577, 579, 651, 295, 506, 289, 501, 508, 204, 704, 348, 339, 134, 506, 546, 573, 246, 387, 80, 296, 405, 319, 355, 454, 292, 606, 535, 830, 468, 367, 684, 322, 319, 353, 261, 511, 841], [368, 251, 561, 676, 715, 464, 822, 83, 698, 325, 277, 239, 754, 623, 468, 578, 95, 166, 649, 487, 719, 559, 445, 364, 54, 480, 527, 289, 657, 300, 50, 446, 174, 177, 525, 304, 587, 510, 239, 193, 464, 164, 66, 578, 595, 383, 210, 626, 641, 763], [528, 575, 892, 604, 783, 167, 1026, 345, 918, 220, 171, 546, 620, 592, 348, 450, 425, 359, 886, 456, 808, 849, 152, 438, 327, 774, 510, 129, 651, 459, 287, 724, 353, 244, 854, 373, 643, 837, 263, 144, 384, 411, 385, 416, 917, 481, 530, 904, 970, 582], [275, 532, 871, 272, 427, 319, 729, 483, 643, 142, 202, 471, 345, 238, 90, 176, 454, 552, 633, 97, 456, 674, 308, 147, 361, 619, 150, 237, 292, 243, 369, 550, 263, 239, 788, 140, 289, 764, 537, 375, 725, 570, 473, 197, 810, 189, 597, 701, 959, 370], [792, 677, 900, 957, 1102, 500, 1271, 394, 1149, 560, 498, 685, 977, 938, 701, 806, 528, 329, 1101, 797, 1119, 1003, 491, 739, 490, 923, 849, 465, 991, 718, 444, 897, 586, 506, 911, 669, 963, 904, 214, 337, 30, 385, 457, 773, 1002, 774, 546, 1074, 956, 934], [380, 579, 741, 603, 313, 917, 125, 793, 98, 708, 739, 530, 740, 522, 682, 692, 669, 877, 160, 549, 266, 360, 904, 477, 675, 391, 514, 782, 474, 452, 719, 351, 578, 674, 619, 535, 363, 594, 952, 839, 1178, 848, 738, 746, 552, 431, 747, 306, 814, 835], [389, 700, 1029, 83, 352, 426, 736, 678, 680, 319, 384, 635, 164, 104, 173, 93, 641, 746, 690, 125, 396, 780, 424, 282, 553, 739, 117, 411, 170, 390, 563, 667, 448, 433, 936, 313, 252, 910, 725, 561, 900, 764, 665, 152, 940, 302, 783, 789, 1118, 229], [179, 198, 472, 608, 491, 673, 484, 411, 357, 463, 463, 142, 730, 526, 525, 597, 281, 492, 305, 447, 475, 251, 655, 294, 309, 186, 453, 500, 524, 191, 357, 123, 251, 361, 370, 301, 408, 344, 582, 500, 808, 459, 352, 630, 376, 266, 360, 300, 559, 787], [650, 514, 746, 868, 978, 473, 1118, 232, 994, 468, 403, 523, 909, 837, 620, 731, 366, 166, 944, 694, 989, 840, 459, 613, 338, 760, 744, 380, 884, 578, 295, 736, 444, 381, 751, 544, 841, 742, 65, 226, 170, 225, 295, 708, 840, 644, 386, 912, 807, 883], [349, 549, 891, 346, 531, 218, 824, 444, 732, 60, 123, 495, 388, 330, 95, 208, 445, 502, 716, 195, 560, 736, 206, 227, 341, 673, 250, 147, 388, 301, 335, 609, 272, 205, 820, 189, 393, 798, 465, 301, 637, 530, 447, 198, 854, 273, 585, 771, 978, 383], [108, 441, 730, 365, 249, 599, 443, 555, 356, 391, 427, 374, 498, 280, 370, 401, 457, 639, 353, 247, 248, 439, 585, 161, 420, 406, 228, 469, 267, 172, 457, 334, 304, 379, 623, 224, 148, 597, 683, 549, 903, 628, 512, 449, 610, 116, 577, 445, 817, 573]], "facilities_distances": [[0, 341, 648, 429, 356, 557, 498, 450, 392, 342, 364, 274, 552, 349, 365, 424, 349, 534, 369, 272, 354, 402, 541, 128, 317, 352, 274, 406, 352, 74, 356, 281, 206, 294, 549, 164, 246, 523, 587, 462, 809, 521, 406, 462, 551, 90, 471, 427, 736, 611], [341, 0, 342, 755, 683, 688, 658, 285, 530, 506, 480, 67, 863, 681, 613, 707, 158, 351, 466, 575, 670, 329, 669, 419, 248, 250, 595, 505, 692, 313, 289, 242, 277, 365, 281, 393, 586, 263, 469, 442, 683, 303, 222, 726, 344, 409, 170, 405, 429, 901], [648, 342, 0, 1076, 945, 1020, 770, 558, 657, 847, 817, 400, 1193, 997, 954, 1044, 470, 586, 586, 905, 919, 383, 1001, 748, 576, 356, 918, 839, 996, 639, 607, 415, 619, 702, 122, 731, 878, 147, 723, 750, 896, 525, 509, 1066, 212, 729, 370, 453, 89, 1238], [429, 755, 1076, 0, 313, 506, 718, 752, 675, 402, 466, 688, 138, 86, 256, 166, 708, 823, 694, 189, 361, 804, 504, 337, 625, 770, 160, 494, 131, 442, 638, 698, 515, 510, 977, 378, 245, 951, 806, 643, 983, 838, 736, 221, 973, 348, 849, 805, 1165, 235], [356, 683, 945, 313, 0, 739, 416, 798, 402, 563, 615, 618, 443, 248, 475, 442, 705, 881, 441, 339, 49, 602, 731, 365, 662, 596, 287, 655, 185, 416, 695, 531, 543, 598, 830, 434, 140, 803, 913, 765, 1124, 874, 759, 501, 793, 335, 826, 577, 1028, 547], [557, 688, 1020, 506, 739, 0, 1041, 495, 946, 215, 212, 647, 492, 516, 266, 340, 551, 521, 926, 400, 772, 924, 19, 441, 445, 855, 452, 182, 581, 499, 415, 796, 429, 325, 969, 393, 605, 949, 429, 297, 529, 568, 525, 293, 1019, 488, 672, 968, 1102, 436], [498, 658, 770, 718, 416, 1041, 0, 894, 129, 831, 861, 618, 853, 639, 807, 814, 765, 976, 195, 673, 367, 389, 1027, 601, 781, 440, 637, 903, 587, 569, 827, 418, 692, 791, 649, 657, 483, 627, 1059, 953, 1285, 942, 836, 869, 566, 554, 829, 317, 833, 952], [450, 285, 558, 752, 798, 495, 894, 0, 768, 385, 330, 291, 824, 702, 534, 647, 134, 85, 715, 565, 802, 609, 476, 446, 136, 529, 606, 333, 738, 383, 115, 504, 257, 245, 540, 385, 670, 528, 184, 201, 402, 86, 63, 642, 621, 466, 189, 680, 631, 827], [392, 530, 657, 675, 402, 946, 129, 768, 0, 732, 756, 490, 813, 592, 726, 749, 638, 849, 71, 600, 356, 274, 931, 506, 659, 317, 571, 798, 549, 459, 706, 290, 576, 678, 535, 555, 432, 512, 936, 837, 1162, 815, 709, 801, 462, 459, 700, 212, 726, 904], [342, 506, 847, 402, 563, 215, 831, 385, 732, 0, 64, 456, 448, 378, 155, 268, 393, 442, 711, 238, 589, 714, 199, 231, 287, 647, 292, 95, 433, 284, 277, 586, 231, 150, 781, 178, 424, 760, 407, 242, 585, 470, 391, 257, 821, 277, 531, 755, 933, 442], [364, 480, 817, 466, 615, 212, 861, 330, 756, 64, 0, 436, 511, 440, 218, 331, 354, 382, 729, 298, 638, 714, 194, 267, 246, 643, 351, 43, 493, 299, 228, 586, 216, 115, 760, 204, 475, 739, 342, 178, 523, 414, 342, 317, 807, 311, 487, 761, 902, 500], [274, 67, 400, 688, 618, 647, 618, 291, 490, 456, 436, 0, 799, 614, 555, 645, 157, 366, 431, 510, 607, 320, 628, 353, 222, 240, 529, 465, 624, 246, 268, 214, 225, 322, 326, 332, 519, 304, 472, 421, 693, 327, 229, 667, 373, 342, 219, 390, 488, 839], [552, 863, 1193, 138, 443, 492, 853, 824, 813, 448, 511, 799, 0, 223, 293, 180, 799, 887, 832, 289, 492, 937, 495, 446, 706, 899, 278, 529, 266, 554, 711, 827, 606, 579, 1099, 474, 383, 1074, 851, 687, 1005, 911, 818, 204, 1101, 466, 942, 940, 1282, 110], [349, 681, 997, 86, 248, 516, 639, 702, 592, 378, 440, 614, 223, 0, 252, 196, 646, 777, 609, 143, 292, 718, 511, 269, 570, 685, 96, 473, 66, 369, 588, 613, 455, 465, 896, 319, 160, 870, 773, 612, 962, 787, 680, 255, 889, 273, 785, 718, 1085, 313], [365, 613, 954, 256, 475, 266, 807, 534, 726, 155, 218, 555, 293, 252, 0, 113, 523, 595, 720, 139, 511, 765, 260, 237, 424, 709, 188, 241, 315, 333, 422, 640, 339, 291, 875, 226, 346, 851, 560, 396, 728, 620, 533, 114, 899, 278, 665, 791, 1042, 296], [424, 707, 1044, 166, 442, 340, 814, 647, 749, 268, 331, 645, 180, 196, 113, 0, 629, 708, 753, 155, 485, 825, 339, 303, 532, 776, 178, 351, 263, 409, 534, 705, 439, 402, 959, 314, 333, 934, 672, 508, 833, 733, 643, 59, 973, 335, 771, 842, 1133, 194], [349, 158, 470, 708, 705, 551, 765, 134, 638, 393, 354, 157, 799, 646, 523, 629, 0, 212, 583, 520, 703, 475, 532, 378, 108, 395, 552, 371, 671, 292, 138, 370, 194, 243, 430, 330, 587, 415, 316, 287, 537, 180, 72, 637, 501, 386, 143, 546, 551, 819], [534, 351, 586, 823, 881, 521, 976, 85, 849, 442, 382, 366, 887, 777, 595, 708, 212, 0, 794, 637, 886, 679, 503, 526, 219, 599, 681, 376, 815, 466, 190, 580, 338, 313, 585, 462, 751, 576, 137, 224, 333, 62, 140, 698, 674, 548, 220, 753, 653, 882], [369, 466, 586, 694, 441, 926, 195, 715, 71, 711, 729, 431, 832, 609, 720, 753, 583, 794, 0, 600, 399, 203, 910, 490, 612, 246, 577, 770, 573, 430, 660, 225, 537, 643, 464, 533, 450, 441, 887, 797, 1113, 757, 655, 802, 393, 445, 637, 146, 656, 918], [272, 575, 905, 189, 339, 400, 673, 565, 600, 238, 298, 510, 289, 143, 139, 155, 520, 637, 600, 0, 373, 670, 392, 158, 436, 624, 54, 333, 195, 266, 450, 552, 326, 324, 814, 190, 207, 789, 630, 469, 821, 650, 547, 202, 822, 182, 661, 686, 994, 340], [354, 670, 919, 361, 49, 772, 367, 802, 356, 589, 638, 607, 492, 292, 511, 485, 703, 886, 399, 373, 0, 568, 763, 380, 667, 567, 323, 679, 232, 419, 702, 504, 550, 613, 802, 449, 167, 775, 925, 781, 1139, 875, 760, 543, 760, 346, 818, 537, 1001, 595], [402, 329, 383, 804, 602, 924, 389, 609, 274, 714, 714, 320, 937, 718, 765, 825, 475, 679, 203, 670, 568, 0, 906, 528, 537, 80, 663, 750, 697, 436, 584, 128, 500, 609, 261, 547, 571, 238, 791, 735, 1010, 632, 546, 864, 195, 491, 489, 81, 453, 1007], [541, 669, 1001, 504, 731, 19, 1027, 476, 931, 199, 194, 628, 495, 511, 260, 339, 532, 503, 910, 392, 763, 906, 0, 427, 425, 837, 445, 163, 575, 482, 396, 779, 410, 306, 949, 377, 596, 930, 414, 279, 520, 550, 505, 294, 1000, 474, 653, 951, 1083, 443], [128, 419, 748, 337, 365, 441, 601, 446, 506, 231, 267, 353, 446, 269, 237, 303, 378, 526, 490, 158, 380, 528, 427, 0, 310, 475, 178, 310, 294, 108, 336, 405, 191, 233, 657, 69, 228, 632, 548, 401, 760, 527, 417, 337, 670, 47, 516, 554, 836, 494], [317, 248, 576, 625, 662, 445, 781, 136, 659, 287, 246, 222, 706, 570, 424, 532, 108, 219, 612, 436, 667, 537, 425, 310, 0, 459, 475, 264, 603, 248, 48, 419, 120, 136, 529, 251, 533, 511, 278, 199, 504, 217, 112, 536, 590, 329, 244, 600, 658, 720], [352, 250, 356, 770, 596, 855, 440, 529, 317, 647, 643, 240, 899, 685, 709, 776, 395, 599, 246, 624, 567, 80, 837, 475, 459, 0, 622, 679, 671, 376, 506, 72, 428, 536, 236, 487, 547, 210, 711, 657, 930, 552, 466, 812, 204, 442, 412, 156, 435, 963], [274, 595, 918, 160, 287, 452, 637, 606, 571, 292, 351, 529, 278, 96, 188, 178, 552, 681, 577, 54, 323, 663, 445, 178, 475, 622, 0, 387, 142, 283, 492, 550, 360, 370, 822, 224, 160, 796, 680, 520, 873, 691, 585, 232, 823, 189, 692, 672, 1007, 345], [406, 505, 839, 494, 655, 182, 903, 333, 798, 95, 43, 465, 529, 473, 241, 351, 371, 376, 770, 333, 679, 750, 163, 310, 264, 679, 387, 0, 528, 340, 239, 623, 251, 144, 786, 247, 515, 767, 322, 160, 490, 414, 352, 330, 837, 354, 499, 799, 922, 510], [352, 692, 996, 131, 185, 581, 587, 738, 549, 433, 493, 624, 266, 66, 315, 263, 671, 815, 573, 195, 232, 697, 575, 294, 603, 671, 142, 528, 0, 385, 625, 600, 485, 508, 890, 353, 126, 864, 820, 661, 1015, 820, 711, 322, 875, 288, 807, 691, 1083, 365], [74, 313, 639, 442, 416, 499, 569, 383, 459, 284, 299, 246, 554, 369, 333, 409, 292, 466, 430, 266, 419, 436, 482, 108, 248, 376, 283, 340, 385, 0, 285, 309, 133, 222, 550, 112, 294, 525, 514, 388, 736, 457, 343, 439, 566, 98, 423, 472, 728, 602], [356, 289, 607, 638, 695, 415, 827, 115, 706, 277, 228, 268, 711, 588, 422, 534, 138, 190, 660, 450, 702, 584, 396, 336, 48, 506, 492, 239, 625, 285, 0, 467, 153, 132, 567, 272, 563, 550, 233, 154, 459, 201, 114, 532, 632, 360, 260, 648, 688, 717], [281, 242, 415, 698, 531, 796, 418, 504, 290, 586, 586, 214, 827, 613, 640, 705, 370, 580, 225, 552, 504, 128, 779, 405, 419, 72, 550, 623, 600, 309, 467, 0, 373, 483, 299, 421, 476, 272, 683, 615, 906, 539, 442, 742, 276, 371, 412, 181, 497, 891], [206, 277, 619, 515, 543, 429, 692, 257, 576, 231, 216, 225, 606, 455, 339, 439, 194, 338, 537, 326, 550, 500, 410, 191, 120, 428, 360, 251, 485, 133, 153, 373, 0, 110, 551, 137, 413, 529, 381, 262, 603, 337, 226, 453, 592, 209, 336, 551, 706, 632], [294, 365, 702, 510, 598, 325, 791, 245, 678, 150, 115, 322, 579, 465, 291, 402, 243, 313, 643, 324, 613, 609, 306, 233, 136, 536, 370, 144, 508, 222, 132, 483, 110, 0, 644, 164, 461, 624, 316, 170, 527, 332, 242, 401, 694, 268, 380, 661, 787, 586], [549, 281, 122, 977, 830, 969, 649, 540, 535, 781, 760, 326, 1099, 896, 875, 959, 430, 585, 464, 814, 802, 261, 949, 657, 529, 236, 822, 786, 890, 550, 567, 299, 551, 644, 0, 649, 770, 27, 718, 718, 910, 526, 483, 985, 109, 634, 365, 332, 199, 1151], [164, 393, 731, 378, 434, 393, 657, 385, 555, 178, 204, 332, 474, 319, 226, 314, 330, 462, 533, 190, 449, 547, 377, 69, 251, 487, 224, 247, 353, 112, 272, 421, 137, 164, 649, 0, 297, 625, 479, 332, 690, 468, 361, 336, 673, 109, 471, 582, 820, 508], [246, 586, 878, 245, 140, 605, 483, 670, 432, 424, 475, 519, 383, 160, 346, 333, 587, 751, 450, 207, 167, 571, 596, 228, 533, 547, 160, 515, 126, 294, 563, 476, 413, 461, 770, 297, 0, 743, 776, 626, 985, 748, 635, 389, 751, 204, 715, 565, 965, 473], [523, 263, 147, 951, 803, 949, 627, 528, 512, 760, 739, 304, 1074, 870, 851, 934, 415, 576, 441, 789, 775, 238, 930, 632, 511, 210, 796, 767, 864, 525, 550, 272, 529, 624, 27, 625, 743, 0, 708, 702, 904, 518, 470, 961, 104, 608, 358, 311, 226, 1126], [587, 469, 723, 806, 913, 429, 1059, 184, 936, 407, 342, 472, 851, 773, 560, 672, 316, 137, 887, 630, 925, 791, 414, 548, 278, 711, 680, 322, 820, 514, 233, 683, 381, 316, 718, 479, 776, 708, 0, 164, 226, 198, 247, 651, 803, 579, 355, 861, 789, 829], [462, 442, 750, 643, 765, 297, 953, 201, 837, 242, 178, 421, 687, 612, 396, 508, 287, 224, 797, 469, 781, 735, 279, 401, 199, 657, 520, 160, 661, 388, 154, 615, 262, 170, 718, 332, 626, 702, 164, 0, 359, 271, 242, 489, 786, 438, 387, 796, 827, 670], [809, 683, 896, 983, 1124, 529, 1285, 402, 1162, 585, 523, 693, 1005, 962, 728, 833, 537, 333, 1113, 821, 1139, 1010, 520, 760, 504, 930, 873, 490, 1015, 736, 459, 906, 603, 527, 910, 690, 985, 904, 226, 359, 0, 387, 465, 800, 1004, 794, 547, 1083, 950, 963], [521, 303, 525, 838, 874, 568, 942, 86, 815, 470, 414, 327, 911, 787, 620, 733, 180, 62, 757, 650, 875, 632, 550, 527, 217, 552, 691, 414, 820, 457, 201, 539, 337, 332, 526, 468, 748, 518, 198, 271, 387, 0, 115, 727, 617, 545, 161, 707, 591, 912], [406, 222, 509, 736, 759, 525, 836, 63, 709, 391, 342, 229, 818, 680, 533, 643, 72, 140, 655, 547, 760, 546, 505, 417, 112, 466, 585, 352, 711, 343, 114, 442, 226, 242, 483, 361, 635, 470, 247, 242, 465, 115, 0, 644, 561, 431, 148, 618, 585, 828], [462, 726, 1066, 221, 501, 293, 869, 642, 801, 257, 317, 667, 204, 255, 114, 59, 637, 698, 802, 202, 543, 864, 294, 337, 536, 812, 232, 330, 322, 439, 532, 742, 453, 401, 985, 336, 389, 961, 651, 489, 800, 727, 644, 0, 1005, 373, 778, 885, 1155, 185], [551, 344, 212, 973, 793, 1019, 566, 621, 462, 821, 807, 373, 1101, 889, 899, 973, 501, 674, 393, 822, 760, 195, 1000, 670, 590, 204, 823, 837, 875, 566, 632, 276, 592, 694, 109, 673, 751, 104, 803, 786, 1004, 617, 561, 1005, 0, 640, 457, 251, 268, 1162], [90, 409, 729, 348, 335, 488, 554, 466, 459, 277, 311, 342, 466, 273, 278, 335, 386, 548, 445, 182, 346, 491, 474, 47, 329, 442, 189, 354, 288, 98, 360, 371, 209, 268, 634, 109, 204, 608, 579, 438, 794, 545, 431, 373, 640, 0, 519, 514, 818, 522], [471, 170, 370, 849, 826, 672, 829, 189, 700, 531, 487, 219, 942, 785, 665, 771, 143, 220, 637, 661, 818, 489, 653, 516, 244, 412, 692, 499, 807, 423, 260, 412, 336, 380, 365, 471, 715, 358, 355, 387, 547, 161, 148, 778, 457, 519, 0, 568, 442, 961], [427, 405, 453, 805, 577, 968, 317, 680, 212, 755, 761, 390, 940, 718, 791, 842, 546, 753, 146, 686, 537, 81, 951, 554, 600, 156, 672, 799, 691, 472, 648, 181, 551, 661, 332, 582, 565, 311, 861, 796, 1083, 707, 618, 885, 251, 514, 568, 0, 517, 1017], [736, 429, 89, 1165, 1028, 1102, 833, 631, 726, 933, 902, 488, 1282, 1085, 1042, 1133, 551, 653, 656, 994, 1001, 453, 1083, 836, 658, 435, 1007, 922, 1083, 728, 688, 497, 706, 787, 199, 820, 965, 226, 789, 827, 950, 591, 585, 1155, 268, 818, 442, 517, 0, 1327], [611, 901, 1238, 235, 547, 436, 952, 827, 904, 442, 500, 839, 110, 313, 296, 194, 819, 882, 918, 340, 595, 1007, 443, 494, 720, 963, 345, 510, 365, 602, 717, 891, 632, 586, 1151, 508, 473, 1126, 829, 670, 963, 912, 828, 185, 1162, 522, 961, 1017, 1327, 0]]}