{"n": 50, "m": 50, "facilities": [{"i": 0, "x": 667, "y": 591}, {"i": 1, "x": 519, "y": 634}, {"i": 2, "x": 453, "y": 457}, {"i": 3, "x": 681, "y": 126}, {"i": 4, "x": 699, "y": 717}, {"i": 5, "x": 403, "y": 993}, {"i": 6, "x": 962, "y": 154}, {"i": 7, "x": 612, "y": 154}, {"i": 8, "x": 789, "y": 342}, {"i": 9, "x": 283, "y": 198}, {"i": 10, "x": 315, "y": 416}, {"i": 11, "x": 666, "y": 805}, {"i": 12, "x": 860, "y": 1000}, {"i": 13, "x": 366, "y": 580}, {"i": 14, "x": 641, "y": 196}, {"i": 15, "x": 458, "y": 666}, {"i": 16, "x": 487, "y": 16}, {"i": 17, "x": 993, "y": 312}, {"i": 18, "x": 585, "y": 60}, {"i": 19, "x": 953, "y": 672}, {"i": 20, "x": 900, "y": 38}, {"i": 21, "x": 677, "y": 921}, {"i": 22, "x": 230, "y": 436}, {"i": 23, "x": 363, "y": 349}, {"i": 24, "x": 610, "y": 56}, {"i": 25, "x": 631, "y": 426}, {"i": 26, "x": 650, "y": 558}, {"i": 27, "x": 849, "y": 941}, {"i": 28, "x": 292, "y": 795}, {"i": 29, "x": 562, "y": 814}, {"i": 30, "x": 643, "y": 714}, {"i": 31, "x": 225, "y": 250}, {"i": 32, "x": 752, "y": 166}, {"i": 33, "x": 711, "y": 247}, {"i": 34, "x": 273, "y": 790}, {"i": 35, "x": 509, "y": 451}, {"i": 36, "x": 860, "y": 849}, {"i": 37, "x": 881, "y": 283}, {"i": 38, "x": 296, "y": 444}, {"i": 39, "x": 475, "y": 629}, {"i": 40, "x": 821, "y": 369}, {"i": 41, "x": 949, "y": 298}, {"i": 42, "x": 796, "y": 269}, {"i": 43, "x": 613, "y": 294}, {"i": 44, "x": 270, "y": 635}, {"i": 45, "x": 209, "y": 268}, {"i": 46, "x": 481, "y": 809}, {"i": 47, "x": 743, "y": 974}, {"i": 48, "x": 162, "y": 333}, {"i": 49, "x": 478, "y": 920}], "users": [{"i": 0, "x": 702, "y": 997}, {"i": 1, "x": 867, "y": 768}, {"i": 2, "x": 196, "y": 533}, {"i": 3, "x": 61, "y": 967}, {"i": 4, "x": 565, "y": 677}, {"i": 5, "x": 304, "y": 700}, {"i": 6, "x": 849, "y": 289}, {"i": 7, "x": 751, "y": 840}, {"i": 8, "x": 369, "y": 390}, {"i": 9, "x": 624, "y": 500}, {"i": 10, "x": 989, "y": 925}, {"i": 11, "x": 876, "y": 148}, {"i": 12, "x": 272, "y": 308}, {"i": 13, "x": 928, "y": 97}, {"i": 14, "x": 756, "y": 656}, {"i": 15, "x": 435, "y": 48}, {"i": 16, "x": 506, "y": 32}, {"i": 17, "x": 702, "y": 105}, {"i": 18, "x": 893, "y": 911}, {"i": 19, "x": 917, "y": 2}, {"i": 20, "x": 143, "y": 977}, {"i": 21, "x": 349, "y": 417}, {"i": 22, "x": 562, "y": 561}, {"i": 23, "x": 298, "y": 564}, {"i": 24, "x": 575, "y": 110}, {"i": 25, "x": 969, "y": 241}, {"i": 26, "x": 662, "y": 535}, {"i": 27, "x": 586, "y": 323}, {"i": 28, "x": 344, "y": 448}, {"i": 29, "x": 640, "y": 376}, {"i": 30, "x": 871, "y": 285}, {"i": 31, "x": 584, "y": 213}, {"i": 32, "x": 897, "y": 673}, {"i": 33, "x": 758, "y": 664}, {"i": 34, "x": 934, "y": 307}, {"i": 35, "x": 360, "y": 108}, {"i": 36, "x": 196, "y": 824}, {"i": 37, "x": 17, "y": 898}, {"i": 38, "x": 990, "y": 730}, {"i": 39, "x": 434, "y": 820}, {"i": 40, "x": 255, "y": 446}, {"i": 41, "x": 241, "y": 218}, {"i": 42, "x": 432, "y": 563}, {"i": 43, "x": 295, "y": 796}, {"i": 44, "x": 309, "y": 334}, {"i": 45, "x": 625, "y": 378}, {"i": 46, "x": 19, "y": 919}, {"i": 47, "x": 253, "y": 265}, {"i": 48, "x": 305, "y": 541}, {"i": 49, "x": 812, "y": 387}], "distances": [[408, 407, 595, 871, 280, 299, 882, 848, 661, 902, 698, 195, 158, 536, 803, 411, 1004, 744, 944, 411, 979, 80, 733, 731, 945, 575, 442, 157, 457, 230, 289, 886, 833, 750, 476, 579, 216, 736, 686, 432, 639, 741, 734, 709, 564, 880, 290, 47, 856, 237], [267, 373, 518, 668, 176, 516, 621, 665, 433, 816, 655, 204, 232, 535, 615, 422, 843, 473, 762, 129, 731, 244, 718, 655, 757, 416, 302, 174, 576, 308, 230, 825, 613, 544, 594, 478, 81, 485, 657, 416, 402, 477, 504, 538, 612, 826, 388, 240, 828, 418], [475, 338, 268, 633, 536, 504, 855, 563, 623, 346, 167, 543, 812, 176, 558, 294, 593, 827, 612, 770, 861, 618, 103, 248, 632, 448, 455, 770, 279, 461, 482, 284, 666, 589, 268, 324, 735, 729, 134, 295, 646, 789, 656, 481, 126, 265, 397, 703, 203, 479], [713, 566, 643, 1045, 685, 343, 1214, 982, 959, 800, 607, 626, 800, 493, 965, 498, 1042, 1139, 1047, 940, 1252, 618, 557, 688, 1064, 786, 717, 788, 288, 524, 635, 736, 1058, 970, 276, 683, 808, 1068, 573, 534, 967, 1112, 1014, 870, 392, 714, 449, 682, 642, 420], [133, 63, 247, 563, 140, 355, 657, 525, 403, 556, 361, 163, 437, 221, 487, 108, 666, 563, 617, 388, 721, 268, 413, 385, 623, 260, 146, 388, 297, 137, 86, 546, 544, 454, 313, 233, 341, 505, 356, 102, 400, 540, 469, 386, 298, 542, 156, 346, 530, 258], [379, 225, 285, 687, 395, 309, 855, 627, 603, 502, 284, 377, 632, 135, 606, 158, 708, 791, 699, 650, 891, 434, 274, 356, 713, 427, 374, 596, 96, 282, 339, 457, 697, 609, 95, 323, 576, 712, 256, 185, 614, 760, 654, 510, 73, 442, 208, 517, 394, 280], [353, 477, 430, 234, 454, 833, 176, 273, 80, 573, 549, 547, 711, 564, 228, 543, 453, 146, 349, 397, 256, 655, 636, 490, 334, 257, 335, 652, 753, 598, 472, 625, 157, 144, 763, 377, 560, 33, 574, 505, 85, 100, 57, 236, 675, 640, 637, 693, 688, 732], [263, 310, 485, 717, 134, 380, 718, 700, 499, 794, 608, 92, 194, 465, 653, 341, 865, 581, 797, 263, 816, 110, 659, 626, 797, 431, 300, 141, 461, 191, 166, 790, 674, 594, 481, 458, 109, 572, 603, 347, 476, 577, 573, 563, 523, 788, 272, 134, 777, 284], [359, 286, 107, 409, 465, 604, 638, 339, 423, 210, 60, 510, 783, 190, 334, 290, 392, 629, 394, 649, 637, 614, 146, 41, 412, 264, 327, 731, 412, 466, 424, 201, 444, 371, 411, 153, 672, 523, 91, 261, 452, 587, 444, 262, 264, 201, 434, 693, 215, 541], [101, 170, 176, 378, 230, 540, 484, 346, 228, 456, 320, 308, 553, 270, 304, 235, 503, 414, 442, 371, 538, 424, 399, 302, 444, 74, 64, 495, 444, 320, 215, 471, 358, 268, 455, 125, 421, 336, 333, 197, 237, 383, 288, 206, 379, 475, 340, 489, 491, 445], [464, 553, 712, 856, 357, 590, 771, 858, 616, 1013, 845, 345, 149, 712, 808, 591, 1038, 613, 955, 256, 891, 312, 903, 851, 948, 614, 500, 141, 709, 441, 405, 1019, 795, 733, 729, 675, 150, 651, 844, 593, 581, 628, 684, 735, 775, 1020, 521, 251, 1017, 511], [490, 603, 524, 196, 596, 968, 86, 264, 213, 595, 622, 690, 852, 668, 240, 666, 411, 201, 304, 530, 113, 798, 707, 551, 281, 371, 468, 793, 872, 736, 612, 659, 125, 192, 881, 476, 701, 135, 651, 626, 228, 167, 145, 301, 777, 678, 770, 837, 738, 869], [486, 409, 234, 448, 591, 697, 707, 373, 518, 111, 116, 634, 908, 288, 386, 403, 363, 721, 399, 772, 684, 735, 135, 100, 422, 378, 453, 857, 487, 583, 550, 75, 501, 443, 482, 277, 799, 610, 138, 380, 552, 677, 525, 341, 327, 75, 543, 816, 113, 646], [559, 675, 596, 249, 661, 1038, 66, 321, 282, 653, 691, 755, 906, 741, 304, 738, 448, 225, 345, 576, 65, 861, 776, 619, 321, 443, 538, 848, 944, 805, 680, 719, 189, 264, 954, 549, 755, 192, 721, 699, 292, 202, 217, 372, 850, 739, 841, 896, 802, 938], [110, 238, 363, 535, 83, 488, 543, 522, 316, 658, 502, 174, 359, 397, 474, 298, 694, 418, 620, 198, 635, 277, 570, 499, 618, 262, 144, 300, 484, 250, 127, 668, 490, 411, 501, 321, 219, 393, 507, 282, 294, 407, 389, 389, 486, 671, 315, 318, 676, 383], [590, 592, 409, 258, 719, 946, 538, 206, 460, 214, 387, 791, 1043, 536, 254, 618, 61, 617, 150, 811, 465, 906, 439, 309, 175, 426, 553, 984, 761, 776, 698, 291, 338, 340, 759, 410, 907, 504, 420, 582, 502, 572, 423, 304, 610, 315, 762, 976, 395, 873], [582, 602, 428, 199, 712, 967, 472, 162, 420, 278, 429, 789, 1031, 566, 212, 636, 25, 562, 84, 781, 394, 905, 489, 348, 107, 413, 545, 972, 792, 784, 696, 356, 280, 297, 793, 419, 890, 451, 462, 598, 461, 517, 375, 283, 648, 379, 777, 971, 457, 888], [487, 560, 431, 30, 612, 937, 265, 102, 252, 429, 496, 701, 909, 582, 110, 612, 233, 357, 125, 620, 209, 816, 576, 418, 104, 329, 456, 849, 803, 723, 612, 499, 79, 142, 808, 396, 761, 252, 529, 571, 290, 313, 189, 209, 684, 519, 738, 870, 586, 845], [392, 465, 632, 813, 274, 497, 760, 807, 578, 938, 761, 251, 95, 622, 758, 499, 983, 607, 905, 246, 873, 216, 816, 772, 901, 551, 429, 53, 612, 345, 318, 940, 758, 688, 632, 599, 70, 628, 758, 504, 547, 616, 649, 678, 681, 939, 424, 163, 932, 415], [640, 747, 650, 267, 747, 1116, 159, 341, 363, 664, 731, 841, 1000, 799, 337, 807, 430, 319, 337, 671, 40, 950, 813, 654, 312, 511, 617, 941, 1010, 886, 763, 735, 233, 320, 1018, 607, 849, 283, 762, 767, 379, 298, 293, 422, 905, 756, 917, 987, 824, 1018], [651, 509, 605, 1007, 614, 260, 1161, 947, 906, 791, 587, 551, 717, 455, 926, 443, 1021, 1079, 1018, 866, 1206, 537, 548, 665, 1033, 736, 658, 707, 235, 450, 565, 732, 1014, 925, 228, 641, 728, 1013, 555, 481, 911, 1054, 963, 829, 365, 712, 377, 600, 644, 340], [362, 276, 111, 441, 461, 579, 667, 372, 446, 229, 34, 501, 775, 164, 366, 272, 424, 653, 428, 656, 669, 601, 121, 69, 445, 282, 332, 724, 382, 451, 418, 208, 475, 400, 381, 164, 669, 549, 59, 247, 474, 612, 471, 291, 232, 204, 414, 682, 205, 519], [109, 85, 151, 451, 208, 460, 571, 410, 315, 458, 286, 265, 531, 197, 373, 148, 550, 498, 502, 406, 623, 378, 355, 291, 507, 152, 88, 476, 357, 253, 173, 459, 438, 348, 369, 122, 414, 423, 291, 110, 322, 468, 374, 272, 301, 459, 261, 451, 460, 369], [370, 232, 188, 582, 429, 442, 780, 516, 539, 366, 149, 440, 711, 70, 503, 190, 580, 739, 580, 664, 799, 521, 145, 225, 596, 360, 352, 668, 231, 364, 376, 322, 604, 521, 227, 239, 630, 647, 120, 189, 558, 703, 579, 415, 76, 309, 306, 605, 268, 399], [490, 527, 368, 107, 620, 900, 389, 57, 316, 305, 402, 701, 935, 514, 108, 568, 129, 464, 51, 677, 333, 817, 475, 319, 64, 321, 454, 875, 741, 704, 608, 377, 186, 193, 744, 347, 792, 352, 435, 529, 357, 419, 272, 188, 607, 399, 705, 880, 469, 816], [462, 597, 559, 310, 547, 941, 87, 367, 206, 687, 677, 640, 767, 692, 331, 665, 532, 75, 425, 431, 214, 740, 764, 616, 404, 385, 450, 710, 875, 703, 574, 744, 230, 258, 886, 506, 618, 98, 703, 628, 196, 60, 175, 360, 802, 760, 749, 767, 812, 838], [56, 174, 223, 409, 186, 526, 485, 384, 231, 507, 367, 270, 505, 299, 340, 242, 548, 399, 481, 322, 551, 386, 443, 352, 482, 113, 26, 447, 452, 296, 180, 522, 380, 292, 465, 175, 371, 334, 377, 209, 230, 372, 298, 246, 405, 526, 328, 446, 539, 427], [280, 318, 189, 219, 410, 695, 412, 171, 204, 328, 287, 489, 730, 338, 138, 366, 323, 407, 263, 506, 424, 605, 374, 225, 268, 112, 244, 672, 556, 492, 395, 368, 228, 146, 562, 149, 593, 298, 314, 326, 239, 364, 217, 40, 444, 381, 497, 670, 424, 607], [353, 255, 109, 466, 445, 548, 684, 398, 457, 257, 43, 481, 756, 134, 390, 246, 455, 663, 457, 649, 691, 578, 115, 101, 474, 288, 325, 706, 351, 426, 400, 231, 496, 418, 349, 165, 653, 562, 48, 223, 483, 623, 486, 310, 201, 225, 386, 660, 215, 491], [217, 285, 204, 253, 346, 661, 391, 224, 153, 399, 327, 430, 662, 342, 180, 342, 391, 359, 321, 431, 426, 546, 414, 278, 321, 51, 182, 602, 545, 445, 338, 434, 238, 147, 553, 151, 522, 258, 351, 302, 181, 319, 189, 86, 452, 444, 461, 607, 480, 568], [368, 496, 452, 248, 465, 849, 160, 290, 100, 594, 571, 559, 715, 585, 247, 562, 469, 125, 364, 396, 249, 665, 659, 512, 347, 278, 351, 656, 772, 613, 486, 647, 168, 164, 783, 398, 564, 10, 597, 525, 98, 79, 77, 258, 695, 662, 653, 701, 711, 747], [387, 426, 277, 130, 517, 801, 383, 65, 242, 301, 337, 598, 834, 427, 59, 470, 220, 421, 153, 589, 361, 714, 418, 259, 159, 218, 351, 775, 651, 601, 504, 361, 174, 131, 655, 250, 693, 305, 369, 430, 284, 375, 219, 86, 526, 379, 605, 777, 439, 715], [244, 380, 494, 588, 203, 589, 523, 592, 348, 776, 636, 266, 329, 539, 541, 439, 774, 374, 688, 56, 635, 332, 708, 625, 680, 363, 272, 272, 617, 363, 257, 794, 527, 465, 635, 447, 180, 390, 643, 424, 313, 379, 416, 474, 628, 798, 438, 338, 810, 486], [117, 241, 369, 543, 79, 484, 549, 530, 323, 665, 508, 168, 351, 401, 482, 300, 702, 423, 628, 195, 642, 269, 575, 505, 626, 270, 151, 292, 484, 247, 125, 675, 498, 420, 501, 328, 211, 400, 512, 285, 302, 413, 397, 397, 489, 677, 313, 310, 682, 379], [390, 528, 504, 311, 473, 868, 156, 357, 149, 660, 629, 566, 697, 630, 313, 596, 533, 59, 428, 365, 271, 666, 716, 573, 410, 326, 379, 640, 806, 629, 500, 711, 230, 231, 819, 449, 547, 58, 653, 561, 129, 17, 143, 321, 741, 726, 676, 694, 772, 764], [572, 550, 361, 322, 697, 886, 604, 256, 489, 118, 311, 761, 1023, 472, 294, 567, 157, 665, 230, 818, 545, 873, 353, 241, 255, 418, 535, 966, 690, 734, 669, 196, 396, 378, 688, 374, 894, 550, 342, 534, 530, 619, 465, 314, 535, 220, 711, 947, 300, 821], [525, 375, 448, 850, 514, 267, 1018, 789, 764, 632, 425, 470, 687, 297, 770, 306, 859, 947, 857, 772, 1055, 491, 389, 504, 872, 590, 526, 663, 100, 366, 460, 575, 861, 773, 84, 487, 664, 873, 393, 340, 773, 919, 817, 674, 203, 556, 285, 567, 492, 298], [719, 567, 620, 1018, 706, 398, 1203, 953, 951, 749, 567, 656, 849, 472, 939, 498, 999, 1138, 1012, 963, 1233, 660, 509, 649, 1030, 774, 719, 833, 294, 551, 652, 681, 1037, 952, 278, 665, 844, 1061, 533, 531, 962, 1108, 1001, 849, 365, 659, 472, 730, 583, 462], [352, 481, 602, 678, 291, 643, 577, 689, 437, 885, 744, 333, 300, 642, 638, 536, 873, 418, 783, 69, 698, 367, 815, 734, 774, 470, 381, 254, 701, 436, 347, 903, 612, 558, 720, 556, 176, 460, 751, 525, 399, 434, 500, 576, 726, 907, 515, 347, 918, 546], [327, 205, 363, 737, 284, 176, 850, 689, 595, 640, 421, 232, 462, 249, 657, 156, 806, 755, 775, 540, 910, 263, 435, 476, 784, 441, 340, 432, 144, 128, 234, 607, 727, 636, 164, 377, 427, 699, 401, 195, 594, 733, 659, 556, 247, 596, 48, 345, 558, 109], [437, 324, 198, 533, 520, 567, 765, 461, 544, 250, 67, 546, 820, 174, 460, 299, 489, 750, 508, 734, 763, 635, 27, 145, 527, 377, 411, 773, 351, 479, 472, 198, 570, 498, 344, 254, 727, 647, 41, 286, 571, 710, 569, 389, 190, 184, 428, 719, 146, 524], [566, 500, 319, 450, 677, 792, 724, 376, 562, 47, 211, 725, 997, 383, 401, 498, 318, 758, 379, 844, 683, 827, 218, 179, 403, 442, 532, 945, 579, 677, 638, 36, 514, 471, 573, 355, 884, 643, 233, 473, 599, 713, 557, 380, 418, 59, 638, 907, 140, 741], [237, 112, 108, 503, 308, 431, 669, 447, 420, 394, 188, 337, 612, 68, 422, 106, 550, 615, 526, 532, 703, 434, 239, 225, 537, 242, 218, 563, 271, 283, 259, 375, 510, 422, 277, 136, 515, 529, 181, 79, 435, 581, 468, 324, 177, 370, 251, 515, 355, 360], [425, 276, 374, 773, 412, 225, 926, 716, 671, 598, 381, 371, 601, 227, 693, 208, 803, 849, 791, 670, 970, 402, 366, 452, 804, 500, 427, 573, 3, 268, 358, 550, 778, 689, 23, 406, 567, 779, 352, 246, 677, 822, 727, 594, 163, 535, 186, 482, 482, 221], [441, 366, 189, 426, 547, 666, 677, 352, 480, 138, 82, 591, 864, 253, 360, 364, 364, 684, 389, 727, 661, 693, 129, 56, 410, 335, 408, 812, 461, 543, 506, 119, 474, 411, 457, 232, 754, 574, 111, 338, 513, 641, 491, 307, 304, 120, 505, 773, 147, 610], [217, 277, 189, 258, 347, 654, 405, 224, 168, 386, 312, 429, 665, 328, 183, 333, 387, 374, 321, 440, 437, 545, 399, 264, 322, 48, 182, 606, 534, 441, 336, 420, 247, 157, 542, 137, 526, 273, 336, 292, 196, 334, 203, 85, 438, 430, 454, 608, 465, 562], [726, 576, 634, 1033, 709, 391, 1214, 968, 962, 768, 584, 657, 845, 485, 954, 507, 1017, 1148, 1029, 966, 1246, 658, 527, 666, 1046, 786, 727, 830, 300, 553, 657, 700, 1051, 965, 285, 678, 844, 1071, 550, 540, 972, 1118, 1013, 862, 379, 678, 475, 726, 603, 459], [527, 455, 277, 450, 635, 743, 718, 376, 542, 73, 163, 680, 953, 335, 394, 450, 342, 741, 390, 810, 686, 781, 173, 138, 414, 411, 493, 901, 531, 630, 595, 32, 509, 458, 525, 316, 842, 628, 184, 426, 577, 697, 543, 361, 370, 44, 590, 862, 114, 693], [365, 233, 170, 560, 432, 463, 763, 494, 523, 344, 125, 447, 720, 72, 482, 198, 556, 725, 557, 661, 779, 532, 129, 201, 573, 346, 345, 675, 254, 375, 380, 302, 583, 501, 251, 223, 635, 631, 97, 191, 544, 688, 561, 395, 100, 289, 321, 616, 252, 417], [250, 383, 366, 292, 349, 731, 277, 307, 51, 562, 498, 443, 615, 486, 256, 451, 493, 196, 398, 318, 360, 551, 584, 451, 388, 185, 236, 555, 661, 495, 368, 603, 229, 173, 673, 310, 464, 125, 519, 415, 20, 163, 119, 220, 596, 615, 536, 591, 652, 629]], "facilities_distances": [[0, 154, 252, 465, 130, 481, 527, 440, 277, 549, 393, 214, 452, 301, 396, 222, 603, 429, 537, 297, 600, 330, 464, 389, 538, 169, 37, 394, 427, 246, 125, 558, 433, 347, 441, 211, 322, 375, 399, 196, 270, 407, 347, 302, 399, 560, 287, 390, 567, 379], [154, 0, 189, 533, 198, 377, 653, 489, 398, 496, 299, 225, 500, 162, 455, 69, 619, 573, 578, 436, 707, 328, 350, 325, 585, 236, 151, 451, 278, 185, 148, 484, 523, 432, 291, 183, 403, 504, 293, 44, 402, 546, 458, 353, 249, 480, 179, 407, 467, 289], [252, 189, 0, 402, 358, 538, 592, 342, 355, 310, 144, 408, 679, 151, 322, 209, 442, 559, 418, 544, 613, 515, 224, 141, 431, 181, 221, 625, 374, 373, 320, 308, 417, 333, 379, 56, 565, 462, 158, 173, 378, 521, 391, 228, 255, 309, 353, 593, 316, 464], [465, 533, 402, 0, 591, 910, 282, 74, 241, 404, 467, 679, 892, 553, 81, 584, 223, 363, 116, 610, 236, 795, 547, 388, 100, 304, 433, 832, 774, 698, 589, 473, 81, 125, 779, 368, 745, 254, 499, 544, 280, 318, 184, 181, 654, 493, 712, 850, 559, 820], [130, 198, 358, 591, 0, 405, 621, 570, 386, 665, 488, 94, 326, 360, 524, 246, 732, 500, 667, 258, 708, 205, 547, 498, 667, 299, 166, 270, 414, 168, 56, 665, 554, 470, 432, 327, 208, 471, 487, 241, 369, 488, 458, 432, 437, 665, 237, 261, 660, 300], [481, 377, 538, 910, 405, 0, 1008, 865, 757, 804, 584, 323, 457, 415, 832, 332, 981, 901, 951, 637, 1077, 283, 583, 645, 960, 611, 500, 449, 227, 239, 368, 764, 898, 807, 241, 552, 479, 856, 559, 371, 751, 884, 824, 730, 382, 751, 200, 341, 703, 105], [527, 653, 592, 282, 621, 1008, 0, 350, 255, 680, 698, 715, 852, 733, 324, 718, 495, 161, 389, 518, 132, 818, 784, 630, 365, 428, 510, 795, 927, 772, 644, 743, 210, 268, 938, 542, 702, 152, 726, 680, 257, 145, 202, 376, 843, 762, 813, 849, 820, 906], [440, 489, 342, 74, 570, 865, 350, 0, 258, 332, 396, 653, 882, 492, 51, 535, 186, 412, 98, 620, 310, 770, 475, 316, 98, 273, 406, 822, 716, 662, 561, 399, 141, 136, 721, 314, 738, 298, 429, 494, 300, 366, 217, 140, 590, 419, 668, 830, 484, 778], [277, 398, 355, 241, 386, 757, 255, 258, 0, 526, 480, 479, 662, 485, 208, 463, 444, 206, 348, 369, 324, 590, 567, 426, 337, 179, 257, 602, 672, 524, 400, 571, 180, 123, 683, 300, 512, 109, 503, 425, 42, 166, 73, 182, 596, 585, 559, 634, 627, 656], [549, 496, 310, 404, 665, 804, 680, 332, 526, 0, 220, 718, 988, 391, 358, 500, 273, 719, 332, 821, 637, 823, 244, 171, 357, 416, 514, 934, 597, 676, 629, 78, 470, 431, 592, 339, 870, 604, 246, 472, 565, 673, 518, 344, 437, 102, 642, 902, 181, 748], [393, 299, 144, 467, 488, 584, 698, 396, 480, 220, 0, 524, 799, 172, 393, 288, 435, 686, 447, 687, 696, 621, 87, 82, 465, 316, 364, 749, 380, 468, 443, 189, 503, 431, 376, 197, 696, 581, 34, 266, 508, 645, 503, 322, 224, 182, 427, 703, 174, 530], [214, 225, 408, 679, 94, 323, 715, 653, 479, 718, 524, 0, 275, 375, 610, 250, 809, 592, 749, 316, 802, 117, 571, 547, 751, 381, 248, 228, 374, 104, 94, 709, 645, 560, 393, 387, 199, 565, 517, 260, 463, 581, 552, 514, 431, 705, 185, 186, 691, 220], [452, 500, 679, 892, 326, 457, 852, 882, 662, 988, 799, 275, 0, 648, 833, 523, 1052, 701, 979, 341, 963, 199, 846, 819, 977, 618, 489, 60, 604, 351, 359, 983, 841, 768, 623, 652, 151, 717, 792, 535, 632, 708, 734, 748, 694, 980, 424, 120, 965, 390], [301, 162, 151, 553, 360, 415, 733, 492, 485, 391, 172, 375, 648, 0, 472, 126, 577, 682, 564, 594, 761, 462, 198, 231, 578, 306, 285, 603, 227, 305, 308, 359, 566, 479, 230, 193, 562, 595, 153, 120, 502, 648, 531, 378, 111, 349, 256, 545, 320, 358], [396, 455, 322, 81, 524, 832, 324, 51, 208, 358, 393, 610, 833, 472, 0, 504, 237, 371, 147, 569, 303, 726, 476, 317, 143, 230, 362, 773, 693, 623, 518, 419, 115, 87, 699, 287, 689, 255, 425, 464, 250, 324, 171, 102, 575, 438, 634, 785, 498, 742], [222, 69, 209, 584, 246, 332, 718, 535, 463, 500, 288, 250, 523, 126, 504, 0, 651, 642, 619, 495, 768, 336, 324, 331, 629, 296, 220, 478, 210, 181, 191, 477, 580, 489, 223, 221, 442, 571, 275, 41, 469, 614, 521, 403, 191, 469, 145, 420, 446, 255], [603, 619, 442, 223, 732, 981, 495, 186, 444, 273, 435, 809, 1052, 577, 237, 651, 0, 586, 107, 805, 414, 925, 492, 355, 129, 435, 566, 993, 803, 802, 715, 351, 305, 322, 803, 436, 913, 476, 469, 613, 486, 541, 399, 305, 656, 375, 793, 992, 454, 904], [429, 573, 559, 363, 500, 901, 161, 412, 206, 719, 686, 592, 701, 682, 371, 642, 586, 0, 480, 362, 289, 686, 773, 631, 461, 380, 422, 645, 851, 662, 533, 770, 282, 289, 864, 504, 553, 116, 709, 607, 181, 46, 202, 380, 792, 785, 714, 708, 831, 797], [537, 578, 418, 116, 667, 951, 389, 98, 348, 332, 447, 749, 979, 564, 147, 619, 107, 480, 0, 714, 316, 866, 517, 364, 25, 369, 502, 920, 791, 754, 657, 407, 198, 225, 794, 398, 836, 371, 481, 580, 389, 435, 297, 236, 656, 430, 756, 928, 503, 867], [297, 436, 544, 610, 258, 637, 518, 620, 369, 821, 687, 316, 341, 594, 569, 495, 805, 362, 714, 0, 636, 372, 761, 673, 705, 405, 324, 288, 672, 416, 313, 841, 544, 489, 690, 496, 200, 396, 695, 480, 331, 374, 433, 508, 684, 847, 491, 368, 861, 536], [600, 707, 613, 236, 708, 1077, 132, 310, 324, 637, 696, 802, 963, 761, 303, 768, 414, 289, 316, 636, 0, 911, 779, 621, 291, 472, 577, 904, 971, 846, 723, 708, 196, 282, 979, 569, 812, 246, 728, 728, 340, 265, 253, 385, 868, 728, 877, 949, 795, 978], [330, 328, 515, 795, 205, 283, 818, 770, 590, 823, 621, 117, 199, 462, 726, 336, 925, 686, 866, 372, 911, 0, 660, 653, 868, 497, 364, 173, 405, 157, 210, 809, 759, 675, 425, 499, 197, 670, 610, 355, 570, 680, 663, 630, 497, 803, 226, 85, 782, 199], [464, 350, 224, 547, 547, 583, 784, 475, 567, 244, 87, 571, 846, 198, 476, 324, 492, 773, 517, 761, 779, 660, 0, 159, 537, 401, 437, 799, 364, 503, 498, 186, 588, 517, 357, 279, 753, 669, 66, 312, 595, 732, 590, 408, 203, 169, 450, 743, 123, 544], [389, 325, 141, 388, 498, 645, 630, 316, 426, 171, 82, 547, 819, 231, 317, 331, 355, 631, 364, 673, 621, 653, 159, 0, 383, 279, 355, 766, 452, 506, 460, 170, 430, 363, 450, 178, 705, 522, 116, 302, 458, 588, 440, 256, 301, 174, 475, 731, 202, 582], [538, 585, 431, 100, 667, 960, 365, 98, 337, 357, 465, 751, 977, 578, 143, 629, 129, 461, 25, 705, 291, 868, 537, 383, 0, 371, 504, 917, 805, 760, 659, 431, 180, 216, 808, 408, 831, 354, 499, 589, 377, 417, 283, 238, 671, 454, 764, 928, 527, 874], [169, 236, 181, 304, 299, 611, 428, 273, 179, 416, 316, 381, 618, 306, 230, 296, 435, 380, 369, 405, 472, 497, 401, 279, 371, 0, 133, 559, 501, 394, 288, 443, 287, 196, 511, 125, 481, 288, 335, 256, 198, 343, 228, 133, 417, 451, 411, 559, 478, 517], [37, 151, 221, 433, 166, 500, 510, 406, 257, 514, 364, 248, 489, 285, 362, 220, 566, 422, 502, 324, 577, 364, 437, 355, 504, 133, 0, 432, 429, 271, 156, 525, 405, 317, 443, 177, 359, 359, 372, 189, 255, 396, 324, 267, 388, 528, 303, 426, 537, 401], [394, 451, 625, 832, 270, 449, 795, 822, 602, 934, 749, 228, 60, 603, 773, 478, 993, 645, 920, 288, 904, 173, 799, 766, 917, 559, 432, 0, 576, 314, 307, 931, 781, 708, 595, 596, 93, 659, 744, 487, 573, 651, 674, 689, 655, 929, 391, 111, 917, 372], [427, 278, 374, 774, 414, 227, 927, 716, 672, 597, 380, 374, 604, 227, 693, 210, 803, 851, 791, 672, 971, 405, 364, 452, 805, 501, 429, 576, 0, 271, 360, 549, 779, 690, 20, 407, 571, 780, 351, 247, 679, 824, 728, 595, 162, 533, 190, 485, 480, 224], [246, 185, 373, 698, 168, 239, 772, 662, 524, 676, 468, 104, 351, 305, 623, 181, 802, 662, 754, 416, 846, 157, 503, 506, 760, 394, 271, 314, 271, 0, 129, 657, 675, 586, 290, 367, 300, 619, 456, 204, 515, 645, 593, 522, 342, 650, 81, 242, 626, 135], [125, 148, 320, 589, 56, 368, 644, 561, 400, 629, 443, 94, 359, 308, 518, 191, 715, 533, 657, 313, 723, 210, 498, 460, 659, 288, 156, 307, 360, 129, 0, 625, 559, 472, 378, 295, 256, 492, 440, 188, 388, 516, 471, 421, 381, 622, 188, 279, 614, 264], [558, 484, 308, 473, 665, 764, 743, 399, 571, 78, 189, 709, 983, 359, 419, 477, 351, 770, 407, 841, 708, 809, 186, 170, 431, 443, 525, 931, 549, 657, 625, 0, 534, 486, 542, 348, 873, 657, 207, 454, 608, 726, 571, 390, 388, 24, 615, 890, 104, 716], [433, 523, 417, 81, 554, 898, 210, 141, 180, 470, 503, 645, 841, 566, 115, 580, 305, 282, 198, 544, 196, 759, 588, 430, 180, 287, 405, 781, 779, 675, 559, 534, 0, 91, 787, 375, 691, 174, 534, 540, 214, 237, 112, 189, 673, 552, 698, 808, 613, 802], [347, 432, 333, 125, 470, 807, 268, 136, 123, 431, 431, 560, 768, 479, 87, 489, 322, 289, 225, 489, 282, 675, 517, 363, 216, 196, 317, 708, 690, 586, 472, 486, 91, 0, 698, 287, 620, 174, 459, 449, 164, 243, 88, 109, 587, 502, 607, 728, 556, 712], [441, 291, 379, 779, 432, 241, 938, 721, 683, 592, 376, 393, 623, 230, 699, 223, 803, 864, 794, 690, 979, 425, 357, 450, 808, 511, 443, 595, 20, 290, 378, 542, 787, 698, 0, 413, 590, 792, 347, 258, 691, 836, 738, 601, 155, 526, 209, 505, 470, 243], [211, 183, 56, 368, 327, 552, 542, 314, 300, 339, 197, 387, 652, 193, 287, 221, 436, 504, 398, 496, 569, 499, 279, 178, 408, 125, 177, 596, 407, 367, 295, 348, 375, 287, 413, 0, 531, 408, 213, 181, 323, 466, 340, 188, 302, 351, 359, 573, 367, 470], [322, 403, 565, 745, 208, 479, 702, 738, 512, 870, 696, 199, 151, 562, 689, 442, 913, 553, 836, 200, 812, 197, 753, 705, 831, 481, 359, 93, 571, 300, 256, 873, 691, 620, 590, 531, 0, 566, 694, 443, 482, 558, 584, 607, 628, 873, 381, 171, 868, 389], [375, 504, 462, 254, 471, 856, 152, 298, 109, 604, 581, 565, 717, 595, 255, 571, 476, 116, 371, 396, 246, 670, 669, 522, 354, 288, 359, 659, 780, 619, 492, 657, 174, 174, 792, 408, 566, 0, 607, 533, 105, 70, 86, 268, 705, 672, 661, 705, 721, 754], [399, 293, 158, 499, 487, 559, 726, 429, 503, 246, 34, 517, 792, 153, 425, 275, 469, 709, 481, 695, 728, 610, 66, 116, 499, 335, 372, 744, 351, 456, 440, 207, 534, 459, 347, 213, 694, 607, 0, 257, 530, 669, 530, 351, 193, 196, 409, 693, 174, 510], [196, 44, 173, 544, 241, 371, 680, 494, 425, 472, 266, 260, 535, 120, 464, 41, 613, 607, 580, 480, 728, 355, 312, 302, 589, 256, 189, 487, 247, 204, 188, 454, 540, 449, 258, 181, 443, 533, 257, 0, 433, 578, 482, 362, 205, 448, 180, 437, 431, 291], [270, 402, 378, 280, 369, 751, 257, 300, 42, 565, 508, 463, 632, 502, 250, 469, 486, 181, 389, 331, 340, 570, 595, 458, 377, 198, 255, 573, 679, 515, 388, 608, 214, 164, 691, 323, 482, 105, 530, 433, 0, 146, 103, 221, 612, 620, 556, 610, 660, 649], [407, 546, 521, 318, 488, 884, 145, 366, 166, 673, 645, 581, 708, 648, 324, 614, 541, 46, 435, 374, 265, 680, 732, 588, 417, 343, 396, 651, 824, 645, 516, 726, 237, 243, 836, 466, 558, 70, 669, 578, 146, 0, 156, 336, 758, 741, 693, 707, 788, 780], [347, 458, 391, 184, 458, 824, 202, 217, 73, 518, 503, 552, 734, 531, 171, 521, 399, 202, 297, 433, 253, 663, 590, 440, 283, 228, 324, 674, 728, 593, 471, 571, 112, 88, 738, 340, 584, 86, 530, 482, 103, 156, 0, 185, 641, 587, 625, 707, 637, 725], [302, 353, 228, 181, 432, 730, 376, 140, 182, 344, 322, 514, 748, 378, 102, 403, 305, 380, 236, 508, 385, 630, 408, 256, 238, 133, 267, 689, 595, 522, 421, 390, 189, 109, 601, 188, 607, 268, 351, 362, 221, 336, 185, 0, 484, 405, 532, 692, 453, 640], [399, 249, 255, 654, 437, 382, 843, 590, 596, 437, 224, 431, 694, 111, 575, 191, 656, 792, 656, 684, 868, 497, 203, 301, 671, 417, 388, 655, 162, 342, 381, 388, 673, 587, 155, 302, 628, 705, 193, 205, 612, 758, 641, 484, 0, 372, 273, 582, 321, 353], [560, 480, 309, 493, 665, 751, 762, 419, 585, 102, 182, 705, 980, 349, 438, 469, 375, 785, 430, 847, 728, 803, 169, 174, 454, 451, 528, 929, 533, 650, 622, 24, 552, 502, 526, 351, 873, 672, 196, 448, 620, 741, 587, 405, 372, 0, 606, 885, 80, 705], [287, 179, 353, 712, 237, 200, 813, 668, 559, 642, 427, 185, 424, 256, 634, 145, 793, 714, 756, 491, 877, 226, 450, 475, 764, 411, 303, 391, 190, 81, 188, 615, 698, 607, 209, 359, 381, 661, 409, 180, 556, 693, 625, 532, 273, 606, 0, 310, 573, 111], [390, 407, 593, 850, 261, 341, 849, 830, 634, 902, 703, 186, 120, 545, 785, 420, 992, 708, 928, 368, 949, 85, 743, 731, 928, 559, 426, 111, 485, 242, 279, 890, 808, 728, 505, 573, 171, 705, 693, 437, 610, 707, 707, 692, 582, 885, 310, 0, 865, 270], [567, 467, 316, 559, 660, 703, 820, 484, 627, 181, 174, 691, 965, 320, 498, 446, 454, 831, 503, 861, 795, 782, 123, 202, 527, 478, 537, 917, 480, 626, 614, 104, 613, 556, 470, 367, 868, 721, 174, 431, 660, 788, 637, 453, 321, 80, 573, 865, 0, 667], [379, 289, 464, 820, 300, 105, 906, 778, 656, 748, 530, 220, 390, 358, 742, 255, 904, 797, 867, 536, 978, 199, 544, 582, 874, 517, 401, 372, 224, 135, 264, 716, 802, 712, 243, 470, 389, 754, 510, 291, 649, 780, 725, 640, 353, 705, 111, 270, 667, 0]]}