{"n": 50, "m": 50, "facilities": [{"i": 0, "x": 969, "y": 322}, {"i": 1, "x": 63, "y": 196}, {"i": 2, "x": 579, "y": 969}, {"i": 3, "x": 436, "y": 679}, {"i": 4, "x": 197, "y": 101}, {"i": 5, "x": 545, "y": 781}, {"i": 6, "x": 150, "y": 386}, {"i": 7, "x": 575, "y": 282}, {"i": 8, "x": 55, "y": 737}, {"i": 9, "x": 593, "y": 77}, {"i": 10, "x": 726, "y": 951}, {"i": 11, "x": 807, "y": 250}, {"i": 12, "x": 473, "y": 234}, {"i": 13, "x": 949, "y": 102}, {"i": 14, "x": 789, "y": 92}, {"i": 15, "x": 370, "y": 224}, {"i": 16, "x": 666, "y": 189}, {"i": 17, "x": 309, "y": 873}, {"i": 18, "x": 987, "y": 281}, {"i": 19, "x": 667, "y": 14}, {"i": 20, "x": 359, "y": 920}, {"i": 21, "x": 852, "y": 148}, {"i": 22, "x": 942, "y": 322}, {"i": 23, "x": 829, "y": 213}, {"i": 24, "x": 620, "y": 817}, {"i": 25, "x": 78, "y": 708}, {"i": 26, "x": 352, "y": 313}, {"i": 27, "x": 599, "y": 608}, {"i": 28, "x": 452, "y": 723}, {"i": 29, "x": 671, "y": 990}, {"i": 30, "x": 646, "y": 76}, {"i": 31, "x": 669, "y": 727}, {"i": 32, "x": 349, "y": 423}, {"i": 33, "x": 642, "y": 20}, {"i": 34, "x": 953, "y": 632}, {"i": 35, "x": 86, "y": 281}, {"i": 36, "x": 725, "y": 698}, {"i": 37, "x": 262, "y": 437}, {"i": 38, "x": 93, "y": 991}, {"i": 39, "x": 499, "y": 993}, {"i": 40, "x": 572, "y": 16}, {"i": 41, "x": 357, "y": 540}, {"i": 42, "x": 168, "y": 33}, {"i": 43, "x": 427, "y": 229}, {"i": 44, "x": 439, "y": 469}, {"i": 45, "x": 928, "y": 465}, {"i": 46, "x": 258, "y": 564}, {"i": 47, "x": 493, "y": 760}, {"i": 48, "x": 149, "y": 416}, {"i": 49, "x": 274, "y": 779}], "users": [{"i": 0, "x": 469, "y": 811}, {"i": 1, "x": 362, "y": 816}, {"i": 2, "x": 970, "y": 354}, {"i": 3, "x": 462, "y": 320}, {"i": 4, "x": 480, "y": 280}, {"i": 5, "x": 530, "y": 64}, {"i": 6, "x": 10, "y": 705}, {"i": 7, "x": 851, "y": 958}, {"i": 8, "x": 566, "y": 761}, {"i": 9, "x": 670, "y": 388}, {"i": 10, "x": 275, "y": 902}, {"i": 11, "x": 982, "y": 447}, {"i": 12, "x": 199, "y": 281}, {"i": 13, "x": 539, "y": 893}, {"i": 14, "x": 14, "y": 717}, {"i": 15, "x": 137, "y": 806}, {"i": 16, "x": 893, "y": 487}, {"i": 17, "x": 460, "y": 53}, {"i": 18, "x": 455, "y": 548}, {"i": 19, "x": 638, "y": 587}, {"i": 20, "x": 594, "y": 50}, {"i": 21, "x": 302, "y": 189}, {"i": 22, "x": 213, "y": 377}, {"i": 23, "x": 295, "y": 416}, {"i": 24, "x": 646, "y": 393}, {"i": 25, "x": 90, "y": 950}, {"i": 26, "x": 447, "y": 977}, {"i": 27, "x": 501, "y": 746}, {"i": 28, "x": 302, "y": 149}, {"i": 29, "x": 723, "y": 289}, {"i": 30, "x": 573, "y": 527}, {"i": 31, "x": 303, "y": 648}, {"i": 32, "x": 717, "y": 117}, {"i": 33, "x": 636, "y": 180}, {"i": 34, "x": 572, "y": 25}, {"i": 35, "x": 189, "y": 89}, {"i": 36, "x": 777, "y": 589}, {"i": 37, "x": 962, "y": 27}, {"i": 38, "x": 442, "y": 434}, {"i": 39, "x": 308, "y": 952}, {"i": 40, "x": 297, "y": 351}, {"i": 41, "x": 534, "y": 907}, {"i": 42, "x": 846, "y": 627}, {"i": 43, "x": 545, "y": 980}, {"i": 44, "x": 835, "y": 96}, {"i": 45, "x": 893, "y": 159}, {"i": 46, "x": 423, "y": 853}, {"i": 47, "x": 417, "y": 596}, {"i": 48, "x": 665, "y": 72}, {"i": 49, "x": 674, "y": 258}], "distances": [[699, 737, 193, 136, 760, 82, 531, 540, 421, 744, 293, 655, 577, 856, 787, 595, 652, 172, 741, 821, 155, 766, 680, 698, 151, 404, 512, 241, 90, 270, 756, 217, 406, 810, 516, 654, 280, 427, 417, 184, 802, 293, 834, 584, 343, 575, 325, 56, 508, 198], [783, 688, 266, 156, 734, 186, 479, 575, 317, 774, 388, 720, 592, 924, 841, 592, 697, 78, 823, 858, 104, 828, 762, 763, 258, 304, 503, 315, 129, 355, 793, 320, 393, 844, 619, 602, 382, 392, 321, 224, 827, 276, 807, 591, 355, 666, 273, 142, 453, 95], [32, 921, 729, 625, 813, 602, 821, 402, 992, 468, 645, 193, 511, 253, 318, 614, 346, 840, 75, 455, 833, 237, 43, 199, 580, 960, 619, 450, 636, 703, 427, 479, 625, 468, 279, 887, 422, 713, 1084, 794, 522, 641, 864, 557, 543, 119, 742, 626, 823, 816], [507, 418, 659, 360, 344, 468, 319, 119, 583, 276, 684, 352, 87, 534, 399, 133, 242, 574, 526, 368, 609, 426, 480, 382, 522, 546, 110, 319, 403, 702, 306, 457, 153, 350, 582, 378, 460, 232, 766, 674, 323, 244, 411, 97, 151, 488, 318, 441, 327, 496], [491, 425, 696, 401, 335, 505, 347, 95, 624, 232, 715, 328, 47, 502, 362, 123, 207, 617, 507, 325, 651, 395, 464, 355, 555, 587, 132, 349, 444, 735, 263, 485, 194, 306, 590, 394, 485, 269, 809, 713, 280, 288, 398, 74, 193, 485, 360, 480, 358, 540], [509, 485, 906, 622, 335, 717, 498, 223, 824, 64, 908, 334, 179, 421, 261, 226, 185, 839, 506, 146, 873, 333, 486, 334, 758, 787, 306, 548, 664, 937, 117, 677, 402, 120, 708, 494, 663, 459, 1025, 930, 64, 506, 363, 195, 415, 565, 569, 697, 519, 759], [1033, 512, 627, 427, 632, 540, 348, 706, 55, 857, 757, 918, 660, 1116, 991, 601, 835, 343, 1065, 953, 410, 1010, 1008, 955, 620, 68, 520, 597, 442, 720, 895, 659, 441, 932, 946, 431, 715, 368, 298, 568, 889, 384, 690, 633, 490, 949, 285, 486, 321, 274], [647, 1096, 272, 500, 1078, 354, 905, 730, 826, 918, 125, 709, 817, 862, 868, 878, 791, 549, 691, 962, 493, 810, 642, 745, 271, 812, 815, 431, 463, 183, 906, 294, 734, 961, 342, 1022, 289, 786, 759, 354, 982, 647, 1150, 843, 639, 499, 712, 409, 887, 604], [596, 756, 208, 154, 756, 29, 560, 479, 512, 685, 248, 565, 535, 762, 705, 572, 581, 280, 638, 754, 261, 676, 578, 608, 78, 491, 496, 157, 120, 252, 690, 108, 402, 745, 408, 679, 171, 444, 526, 241, 745, 304, 830, 550, 318, 468, 366, 73, 541, 293], [306, 637, 588, 373, 553, 412, 520, 142, 707, 320, 566, 194, 250, 400, 319, 342, 199, 605, 335, 374, 616, 301, 280, 236, 432, 673, 327, 231, 400, 602, 313, 339, 323, 369, 374, 594, 315, 411, 835, 629, 385, 348, 615, 290, 245, 269, 448, 412, 522, 557], [904, 737, 311, 275, 805, 296, 531, 689, 275, 884, 454, 842, 697, 1046, 959, 685, 813, 45, 945, 971, 86, 949, 884, 884, 355, 276, 594, 438, 252, 406, 905, 431, 485, 955, 730, 649, 494, 465, 203, 242, 934, 371, 876, 690, 463, 786, 338, 260, 502, 123], [126, 953, 659, 593, 858, 550, 834, 439, 971, 537, 565, 264, 552, 347, 404, 651, 408, 796, 166, 535, 782, 326, 131, 280, 518, 941, 644, 415, 598, 626, 501, 420, 633, 546, 187, 911, 359, 720, 1042, 729, 595, 632, 913, 596, 543, 57, 733, 581, 834, 782], [771, 160, 786, 463, 180, 608, 116, 376, 478, 444, 852, 609, 278, 771, 620, 180, 476, 602, 788, 539, 659, 666, 744, 634, 682, 444, 156, 517, 509, 852, 492, 648, 207, 514, 832, 113, 671, 168, 718, 773, 458, 303, 250, 234, 305, 752, 289, 562, 144, 504], [715, 844, 86, 237, 863, 112, 639, 612, 509, 818, 196, 697, 662, 891, 839, 690, 715, 231, 758, 888, 182, 808, 699, 739, 111, 497, 609, 291, 191, 164, 824, 211, 507, 879, 489, 761, 269, 534, 457, 108, 878, 397, 937, 673, 436, 578, 433, 141, 616, 288], [1033, 523, 619, 424, 643, 535, 358, 710, 46, 863, 749, 920, 666, 1119, 996, 608, 839, 334, 1066, 959, 400, 1013, 1009, 958, 614, 65, 527, 595, 438, 711, 900, 655, 446, 938, 943, 442, 711, 374, 285, 558, 896, 386, 701, 639, 492, 948, 288, 481, 330, 267], [963, 614, 471, 325, 708, 409, 420, 683, 107, 860, 607, 871, 663, 1075, 967, 627, 813, 185, 999, 953, 250, 972, 939, 911, 483, 114, 538, 503, 326, 565, 890, 538, 438, 934, 834, 527, 598, 390, 190, 407, 902, 345, 774, 646, 453, 861, 271, 359, 390, 140], [182, 880, 575, 496, 796, 456, 750, 378, 874, 508, 493, 252, 490, 389, 408, 585, 375, 700, 226, 524, 687, 341, 172, 281, 428, 844, 568, 318, 500, 550, 480, 328, 548, 530, 157, 833, 270, 633, 946, 641, 570, 539, 855, 533, 454, 41, 640, 484, 747, 684], [576, 422, 924, 626, 267, 733, 455, 256, 795, 135, 937, 399, 181, 491, 331, 193, 247, 834, 574, 211, 873, 403, 552, 402, 781, 758, 282, 572, 670, 960, 187, 706, 386, 185, 760, 438, 697, 432, 1007, 941, 118, 498, 293, 179, 417, 624, 549, 708, 478, 749], [561, 527, 439, 132, 516, 250, 345, 292, 442, 491, 486, 461, 315, 666, 565, 335, 416, 356, 595, 575, 384, 564, 537, 502, 316, 410, 257, 156, 175, 492, 509, 279, 164, 560, 505, 455, 309, 223, 572, 447, 545, 98, 590, 320, 81, 480, 198, 215, 333, 293], [424, 695, 387, 222, 656, 215, 528, 311, 602, 512, 374, 377, 390, 576, 518, 451, 399, 436, 464, 574, 434, 488, 403, 420, 231, 573, 396, 44, 230, 404, 511, 143, 332, 567, 318, 631, 141, 405, 678, 429, 575, 285, 727, 416, 231, 315, 381, 226, 518, 412], [463, 551, 919, 649, 400, 733, 557, 233, 873, 27, 911, 292, 220, 359, 199, 284, 157, 871, 456, 81, 901, 276, 442, 286, 767, 836, 357, 558, 688, 943, 58, 681, 446, 57, 684, 558, 661, 510, 1066, 948, 40, 544, 426, 245, 447, 533, 614, 717, 576, 796], [680, 239, 828, 508, 137, 640, 249, 288, 601, 312, 872, 509, 177, 653, 497, 76, 364, 684, 691, 405, 733, 552, 654, 528, 704, 565, 134, 514, 555, 882, 362, 651, 239, 380, 787, 235, 662, 251, 829, 828, 321, 355, 206, 131, 312, 684, 378, 602, 274, 591], [758, 235, 696, 375, 276, 523, 64, 374, 393, 484, 770, 607, 297, 786, 643, 219, 490, 505, 780, 581, 562, 679, 731, 637, 599, 357, 153, 450, 421, 765, 527, 575, 144, 558, 783, 159, 604, 77, 626, 679, 509, 217, 347, 260, 244, 720, 192, 474, 75, 407], [681, 320, 622, 298, 330, 442, 148, 310, 401, 451, 687, 538, 255, 725, 591, 206, 435, 457, 705, 548, 508, 618, 654, 571, 516, 364, 118, 360, 345, 686, 489, 486, 54, 527, 693, 249, 514, 39, 609, 612, 487, 139, 404, 229, 153, 635, 153, 397, 146, 364], [331, 615, 580, 355, 536, 401, 496, 132, 684, 320, 564, 215, 235, 420, 333, 324, 205, 586, 359, 380, 600, 320, 304, 257, 425, 649, 305, 220, 383, 598, 317, 335, 299, 373, 389, 571, 315, 387, 815, 618, 384, 324, 598, 274, 221, 291, 424, 398, 498, 536], [1080, 754, 489, 439, 856, 485, 567, 825, 216, 1008, 636, 1002, 812, 1207, 1107, 778, 954, 232, 1119, 1100, 271, 1106, 1058, 1044, 546, 242, 689, 613, 427, 582, 1036, 620, 587, 1081, 920, 669, 683, 541, 41, 411, 1051, 489, 920, 796, 594, 968, 421, 446, 537, 251], [838, 870, 132, 298, 911, 219, 661, 707, 460, 912, 280, 811, 743, 1009, 949, 757, 818, 173, 881, 988, 105, 923, 821, 854, 236, 457, 671, 399, 254, 224, 923, 334, 563, 977, 612, 784, 394, 571, 354, 54, 969, 446, 984, 748, 508, 702, 454, 222, 635, 263], [632, 703, 236, 93, 713, 56, 503, 470, 446, 675, 304, 583, 513, 784, 715, 538, 581, 230, 673, 751, 225, 693, 612, 626, 139, 425, 458, 169, 54, 297, 686, 169, 357, 740, 466, 623, 229, 391, 476, 247, 733, 251, 787, 522, 284, 511, 304, 16, 482, 229], [689, 244, 866, 547, 115, 677, 282, 304, 638, 300, 907, 515, 191, 649, 490, 101, 366, 724, 698, 389, 773, 550, 663, 531, 740, 602, 171, 547, 593, 918, 352, 685, 278, 364, 811, 253, 693, 291, 868, 867, 301, 395, 177, 148, 348, 701, 417, 640, 308, 631], [248, 667, 695, 484, 559, 523, 581, 148, 804, 249, 662, 93, 256, 293, 208, 359, 115, 716, 264, 281, 728, 191, 221, 130, 538, 769, 372, 342, 512, 703, 226, 441, 397, 281, 413, 637, 409, 484, 943, 739, 312, 444, 611, 302, 336, 270, 540, 524, 588, 665], [446, 608, 442, 205, 568, 256, 446, 245, 559, 450, 451, 363, 310, 567, 486, 365, 351, 435, 482, 522, 447, 471, 422, 405, 294, 527, 308, 85, 230, 473, 457, 222, 247, 512, 394, 546, 229, 324, 668, 472, 511, 216, 639, 332, 146, 360, 317, 246, 438, 391], [742, 512, 423, 137, 557, 276, 303, 456, 263, 640, 520, 642, 448, 846, 738, 429, 585, 225, 776, 731, 278, 743, 717, 683, 359, 233, 339, 299, 167, 502, 667, 374, 230, 714, 650, 426, 425, 215, 402, 397, 687, 121, 630, 437, 225, 651, 95, 221, 278, 134], [325, 659, 863, 628, 520, 686, 628, 218, 907, 130, 834, 161, 271, 232, 76, 363, 88, 859, 316, 114, 879, 139, 304, 148, 707, 870, 414, 505, 661, 874, 82, 612, 479, 123, 566, 652, 581, 556, 1074, 903, 177, 555, 555, 311, 449, 407, 641, 681, 642, 797], [362, 573, 791, 538, 446, 608, 528, 119, 805, 112, 776, 185, 172, 323, 177, 270, 31, 766, 365, 169, 790, 218, 337, 196, 637, 768, 314, 430, 573, 811, 104, 548, 376, 160, 552, 559, 526, 454, 976, 824, 176, 455, 491, 215, 350, 408, 539, 597, 541, 700], [496, 537, 944, 668, 383, 756, 555, 257, 880, 56, 939, 325, 231, 385, 227, 284, 189, 888, 488, 96, 920, 306, 474, 318, 793, 843, 362, 584, 708, 970, 90, 709, 456, 70, 717, 549, 690, 516, 1078, 971, 9, 558, 404, 250, 463, 566, 624, 739, 576, 811], [814, 165, 963, 640, 14, 778, 300, 432, 662, 404, 1016, 639, 319, 760, 600, 226, 487, 793, 821, 484, 848, 666, 788, 652, 846, 629, 277, 661, 686, 1022, 457, 798, 370, 458, 937, 218, 811, 356, 907, 956, 390, 481, 60, 276, 455, 829, 480, 737, 329, 695], [329, 815, 428, 353, 758, 301, 659, 367, 737, 544, 366, 340, 467, 516, 497, 547, 415, 547, 373, 585, 533, 447, 314, 380, 277, 709, 507, 179, 352, 415, 529, 175, 459, 585, 181, 757, 121, 537, 793, 490, 609, 423, 825, 502, 359, 195, 520, 332, 651, 538], [295, 915, 1017, 838, 769, 862, 888, 463, 1152, 372, 954, 272, 531, 76, 185, 624, 337, 1069, 255, 295, 1078, 164, 296, 229, 861, 1116, 674, 685, 863, 1006, 320, 759, 730, 320, 605, 912, 712, 811, 1298, 1071, 390, 793, 794, 572, 685, 439, 885, 870, 901, 1019], [539, 448, 552, 245, 413, 362, 296, 202, 492, 388, 590, 409, 202, 606, 487, 222, 332, 459, 566, 476, 493, 500, 512, 446, 422, 456, 151, 234, 289, 601, 412, 371, 94, 460, 548, 387, 387, 180, 657, 562, 438, 136, 486, 206, 35, 487, 225, 330, 294, 384], [913, 795, 272, 302, 858, 292, 588, 721, 332, 920, 418, 861, 737, 1065, 985, 731, 843, 79, 955, 1004, 60, 971, 894, 904, 340, 335, 641, 451, 271, 365, 939, 425, 531, 990, 720, 707, 488, 517, 219, 195, 973, 415, 930, 733, 500, 788, 391, 267, 559, 176], [673, 281, 679, 356, 269, 496, 151, 286, 456, 403, 738, 520, 211, 698, 556, 146, 403, 522, 694, 500, 572, 591, 646, 550, 567, 419, 67, 397, 403, 740, 444, 529, 89, 478, 714, 222, 551, 93, 672, 673, 433, 198, 343, 178, 185, 641, 217, 454, 162, 429], [729, 853, 77, 248, 874, 126, 647, 626, 508, 832, 197, 711, 676, 906, 854, 702, 730, 228, 773, 903, 175, 823, 713, 754, 124, 498, 621, 306, 201, 160, 839, 225, 518, 894, 501, 770, 283, 543, 449, 93, 892, 407, 948, 686, 448, 592, 440, 153, 624, 290], [329, 894, 434, 413, 835, 338, 737, 439, 799, 605, 346, 379, 542, 535, 538, 624, 474, 591, 374, 639, 568, 479, 320, 414, 295, 772, 585, 248, 406, 403, 586, 203, 537, 640, 107, 835, 140, 614, 836, 504, 670, 497, 901, 578, 437, 182, 591, 377, 728, 592], [783, 920, 36, 320, 945, 199, 713, 699, 547, 904, 183, 776, 749, 966, 921, 776, 800, 259, 827, 974, 195, 887, 768, 818, 179, 540, 694, 376, 273, 126, 910, 282, 590, 965, 536, 836, 335, 612, 452, 48, 964, 478, 1019, 760, 522, 642, 505, 226, 689, 337], [263, 778, 910, 706, 638, 744, 744, 320, 1010, 243, 862, 157, 387, 114, 46, 482, 193, 938, 239, 187, 952, 55, 250, 117, 752, 973, 530, 564, 735, 909, 190, 652, 586, 207, 549, 772, 612, 667, 1163, 958, 275, 652, 670, 429, 544, 381, 743, 747, 757, 884], [180, 831, 869, 692, 698, 713, 777, 341, 1018, 311, 809, 125, 427, 80, 124, 527, 229, 922, 154, 269, 930, 42, 170, 84, 712, 983, 562, 537, 716, 860, 261, 611, 605, 287, 477, 816, 565, 690, 1154, 922, 351, 658, 736, 471, 550, 308, 753, 722, 787, 876], [762, 749, 194, 174, 785, 142, 541, 591, 386, 794, 318, 715, 621, 917, 844, 631, 707, 116, 803, 874, 93, 825, 743, 758, 200, 374, 545, 302, 133, 283, 808, 276, 436, 861, 574, 664, 339, 446, 358, 159, 850, 320, 859, 624, 384, 637, 333, 116, 516, 166], [616, 534, 407, 85, 542, 225, 340, 352, 388, 548, 471, 521, 366, 726, 626, 375, 477, 297, 651, 633, 329, 624, 592, 563, 300, 357, 290, 182, 132, 469, 568, 284, 186, 618, 537, 457, 324, 222, 511, 405, 600, 82, 616, 367, 129, 528, 162, 181, 323, 232], [394, 615, 901, 649, 469, 719, 603, 228, 902, 72, 881, 228, 251, 286, 126, 332, 117, 877, 384, 58, 902, 202, 373, 216, 746, 865, 395, 540, 685, 918, 19, 655, 472, 57, 630, 616, 629, 544, 1082, 936, 109, 560, 499, 285, 457, 473, 639, 709, 620, 808], [302, 614, 717, 484, 502, 539, 539, 102, 783, 198, 695, 133, 202, 316, 202, 306, 69, 715, 314, 244, 733, 209, 276, 161, 562, 747, 327, 358, 515, 732, 184, 469, 364, 240, 467, 588, 443, 449, 935, 756, 263, 424, 554, 249, 316, 328, 516, 534, 548, 657]], "facilities_distances": [[0, 915, 755, 642, 803, 625, 821, 396, 1004, 449, 674, 177, 504, 221, 292, 607, 331, 860, 45, 431, 854, 210, 27, 177, 606, 971, 617, 468, 654, 731, 406, 504, 628, 445, 310, 884, 448, 716, 1102, 819, 501, 650, 852, 550, 550, 149, 751, 647, 825, 832], [915, 0, 929, 610, 164, 758, 209, 519, 541, 543, 1005, 746, 412, 891, 733, 308, 603, 720, 928, 631, 782, 790, 888, 766, 834, 512, 312, 676, 655, 1000, 595, 806, 365, 605, 991, 88, 831, 313, 796, 908, 540, 453, 194, 365, 465, 906, 416, 709, 236, 620], [755, 929, 0, 323, 948, 191, 724, 687, 573, 892, 148, 754, 743, 943, 902, 774, 785, 287, 800, 959, 225, 865, 742, 796, 157, 565, 694, 362, 277, 94, 896, 258, 592, 951, 503, 846, 308, 619, 486, 84, 953, 483, 1022, 755, 519, 613, 517, 226, 701, 359], [642, 610, 323, 0, 625, 149, 409, 421, 385, 622, 398, 567, 447, 772, 685, 460, 541, 232, 680, 704, 253, 675, 619, 610, 230, 359, 376, 178, 47, 390, 639, 238, 270, 690, 519, 530, 290, 298, 464, 320, 677, 160, 699, 450, 210, 537, 212, 99, 389, 190], [803, 164, 948, 625, 0, 764, 289, 419, 652, 397, 1001, 628, 306, 752, 592, 212, 477, 780, 810, 478, 835, 657, 777, 642, 832, 619, 263, 647, 672, 1007, 450, 784, 356, 452, 924, 211, 797, 342, 896, 942, 385, 467, 74, 263, 440, 817, 467, 722, 319, 682], [625, 758, 191, 149, 764, 0, 559, 500, 492, 706, 248, 592, 552, 790, 731, 584, 604, 253, 667, 777, 232, 704, 607, 635, 83, 473, 506, 181, 110, 244, 712, 135, 408, 767, 434, 679, 198, 445, 498, 217, 765, 306, 838, 564, 330, 497, 360, 56, 539, 271], [821, 209, 724, 409, 289, 559, 0, 438, 364, 540, 807, 671, 357, 848, 703, 273, 552, 512, 844, 637, 573, 741, 795, 701, 638, 330, 215, 501, 453, 798, 585, 621, 202, 613, 840, 123, 654, 123, 608, 700, 561, 258, 353, 318, 301, 782, 208, 507, 30, 412], [396, 519, 687, 421, 419, 500, 438, 0, 691, 206, 686, 234, 113, 415, 286, 213, 130, 648, 412, 283, 674, 308, 369, 263, 537, 655, 225, 327, 458, 714, 218, 455, 266, 270, 515, 489, 442, 349, 857, 715, 266, 338, 477, 157, 231, 398, 424, 485, 447, 581], [1004, 541, 573, 385, 652, 492, 364, 691, 0, 851, 704, 896, 654, 1097, 977, 602, 821, 288, 1038, 947, 355, 991, 979, 935, 571, 37, 518, 559, 397, 666, 887, 614, 430, 927, 904, 457, 671, 364, 257, 513, 887, 361, 713, 630, 468, 914, 267, 439, 334, 223], [449, 543, 892, 622, 397, 706, 540, 206, 851, 0, 884, 275, 198, 357, 197, 267, 134, 845, 444, 97, 875, 269, 426, 272, 740, 814, 337, 531, 661, 916, 53, 654, 423, 75, 662, 547, 635, 489, 1042, 921, 65, 520, 427, 225, 421, 513, 591, 690, 559, 771], [674, 1005, 148, 398, 1001, 248, 807, 686, 704, 884, 0, 706, 760, 878, 861, 809, 764, 424, 719, 939, 368, 813, 665, 745, 171, 692, 740, 366, 356, 67, 879, 231, 649, 935, 392, 927, 253, 692, 634, 231, 948, 552, 1074, 781, 561, 526, 607, 301, 787, 484], [177, 746, 754, 567, 628, 592, 671, 234, 896, 275, 706, 0, 334, 205, 159, 438, 154, 798, 183, 274, 806, 111, 153, 43, 597, 861, 459, 414, 591, 752, 237, 497, 490, 283, 409, 722, 455, 576, 1029, 804, 332, 535, 675, 381, 428, 247, 632, 599, 679, 751], [504, 412, 743, 447, 306, 552, 357, 113, 654, 198, 760, 334, 0, 494, 346, 103, 198, 660, 516, 293, 695, 389, 477, 357, 601, 617, 145, 395, 489, 781, 234, 531, 226, 273, 624, 390, 528, 293, 847, 759, 239, 327, 365, 46, 237, 510, 394, 526, 372, 580], [221, 891, 943, 772, 752, 790, 848, 415, 1097, 357, 878, 205, 494, 0, 160, 592, 296, 1002, 183, 295, 1009, 107, 220, 163, 787, 1061, 633, 615, 795, 930, 304, 685, 680, 318, 530, 881, 637, 764, 1234, 998, 387, 736, 784, 537, 628, 364, 831, 801, 859, 956], [292, 733, 902, 685, 592, 731, 703, 286, 977, 197, 861, 159, 346, 160, 0, 439, 157, 917, 274, 145, 933, 84, 276, 127, 744, 941, 490, 550, 715, 906, 144, 646, 551, 164, 564, 728, 609, 630, 1137, 947, 230, 622, 624, 387, 514, 398, 710, 731, 717, 859], [607, 308, 774, 460, 212, 584, 273, 213, 602, 267, 809, 438, 103, 592, 439, 0, 298, 652, 620, 364, 696, 488, 580, 459, 644, 565, 91, 447, 506, 823, 313, 585, 200, 340, 712, 290, 592, 239, 815, 780, 290, 316, 278, 57, 255, 608, 358, 550, 293, 563], [331, 603, 785, 541, 477, 604, 552, 130, 821, 134, 764, 154, 198, 296, 157, 298, 0, 772, 334, 175, 793, 190, 306, 165, 630, 784, 338, 424, 575, 801, 115, 538, 394, 171, 528, 587, 512, 474, 986, 821, 197, 468, 522, 242, 360, 381, 554, 597, 565, 708], [860, 720, 287, 232, 780, 253, 512, 648, 288, 845, 424, 798, 660, 1002, 917, 652, 772, 0, 900, 931, 69, 906, 839, 840, 316, 284, 562, 393, 207, 380, 865, 388, 452, 916, 688, 633, 451, 439, 246, 225, 896, 336, 852, 655, 424, 741, 313, 216, 484, 100], [45, 928, 800, 680, 810, 667, 844, 412, 1038, 444, 719, 183, 516, 183, 274, 620, 334, 900, 0, 417, 896, 190, 61, 172, 650, 1004, 636, 507, 694, 776, 398, 548, 654, 433, 353, 901, 492, 742, 1142, 863, 492, 681, 856, 562, 579, 193, 782, 688, 849, 870], [431, 631, 959, 704, 478, 777, 637, 283, 947, 97, 939, 274, 293, 295, 145, 364, 175, 931, 417, 0, 957, 228, 413, 257, 804, 910, 434, 598, 741, 976, 65, 713, 518, 26, 681, 639, 686, 586, 1133, 993, 95, 611, 499, 322, 509, 521, 685, 766, 656, 860], [854, 782, 225, 253, 835, 232, 573, 674, 355, 875, 368, 806, 695, 1009, 933, 696, 793, 69, 896, 957, 0, 916, 835, 849, 281, 352, 607, 394, 218, 320, 891, 365, 497, 943, 660, 695, 428, 493, 275, 158, 929, 380, 907, 694, 458, 729, 370, 209, 546, 165], [210, 790, 865, 675, 657, 704, 741, 308, 991, 269, 813, 111, 389, 107, 84, 488, 190, 906, 190, 228, 916, 0, 196, 69, 708, 955, 527, 525, 700, 861, 218, 607, 573, 246, 494, 777, 564, 657, 1134, 916, 310, 631, 694, 433, 523, 326, 725, 710, 752, 856], [27, 888, 742, 619, 777, 607, 795, 369, 979, 426, 665, 153, 477, 220, 276, 580, 306, 839, 61, 413, 835, 196, 0, 157, 591, 946, 590, 447, 633, 721, 385, 488, 602, 426, 310, 857, 434, 690, 1081, 804, 480, 624, 826, 523, 524, 144, 726, 627, 799, 809], [177, 766, 796, 610, 642, 635, 701, 263, 935, 272, 745, 43, 357, 163, 127, 459, 165, 840, 172, 257, 849, 69, 157, 0, 639, 899, 487, 457, 634, 793, 229, 538, 524, 269, 437, 746, 496, 610, 1071, 847, 324, 574, 685, 402, 467, 271, 670, 642, 710, 793], [606, 834, 157, 230, 832, 83, 638, 537, 571, 740, 171, 597, 601, 787, 744, 644, 630, 316, 650, 804, 281, 708, 591, 639, 0, 553, 571, 210, 193, 180, 741, 102, 478, 797, 381, 757, 159, 522, 555, 214, 802, 382, 905, 619, 392, 468, 442, 139, 619, 348], [971, 512, 565, 359, 619, 473, 330, 655, 37, 814, 692, 861, 617, 1061, 941, 565, 784, 284, 1004, 910, 352, 955, 946, 899, 553, 0, 481, 531, 374, 657, 850, 591, 393, 890, 878, 427, 647, 328, 283, 508, 850, 326, 681, 593, 433, 884, 231, 418, 301, 208], [617, 312, 694, 376, 263, 506, 215, 225, 518, 337, 740, 459, 145, 633, 490, 91, 338, 562, 636, 434, 607, 527, 590, 487, 571, 481, 0, 385, 422, 748, 378, 521, 110, 412, 680, 268, 536, 153, 726, 696, 370, 227, 335, 113, 179, 596, 268, 469, 228, 472], [468, 676, 362, 178, 647, 181, 501, 327, 559, 531, 366, 414, 395, 615, 550, 447, 424, 393, 507, 598, 394, 525, 447, 457, 210, 531, 385, 0, 187, 389, 534, 138, 311, 590, 355, 608, 155, 378, 635, 398, 593, 251, 719, 416, 212, 359, 344, 185, 489, 367], [654, 655, 277, 47, 672, 110, 453, 458, 397, 661, 356, 591, 489, 795, 715, 506, 575, 207, 694, 741, 218, 700, 633, 634, 193, 374, 422, 187, 0, 345, 675, 217, 317, 728, 509, 574, 274, 343, 448, 274, 717, 206, 746, 495, 254, 541, 251, 55, 431, 187], [731, 1000, 94, 390, 1007, 244, 798, 714, 666, 916, 67, 752, 781, 930, 906, 823, 801, 380, 776, 976, 320, 861, 721, 793, 180, 657, 748, 389, 345, 0, 914, 263, 652, 970, 456, 919, 297, 688, 578, 172, 979, 549, 1081, 799, 570, 585, 593, 291, 776, 450], [406, 595, 896, 639, 450, 712, 585, 218, 887, 53, 879, 237, 234, 304, 144, 313, 115, 865, 398, 65, 891, 218, 385, 229, 741, 850, 378, 534, 675, 914, 0, 651, 457, 56, 635, 596, 627, 527, 1069, 929, 95, 547, 480, 267, 444, 480, 623, 701, 602, 795], [504, 806, 258, 238, 784, 135, 621, 455, 614, 654, 231, 497, 531, 685, 646, 585, 538, 388, 548, 713, 365, 607, 488, 538, 102, 591, 521, 138, 217, 263, 651, 0, 441, 708, 299, 734, 63, 500, 634, 316, 718, 364, 856, 554, 346, 368, 442, 179, 606, 398], [628, 365, 592, 270, 356, 408, 202, 266, 430, 423, 649, 490, 226, 680, 551, 200, 394, 452, 654, 518, 497, 573, 602, 524, 478, 393, 110, 311, 317, 652, 457, 441, 0, 498, 639, 299, 466, 88, 623, 589, 464, 117, 430, 209, 101, 581, 168, 366, 200, 364], [445, 605, 951, 690, 452, 767, 613, 270, 927, 75, 935, 283, 273, 318, 164, 340, 171, 916, 433, 26, 943, 246, 426, 269, 797, 890, 412, 590, 728, 970, 56, 708, 498, 0, 686, 614, 683, 564, 1115, 983, 70, 593, 474, 300, 493, 529, 666, 755, 632, 844], [310, 991, 503, 519, 924, 434, 840, 515, 904, 662, 392, 409, 624, 530, 564, 712, 528, 688, 353, 681, 660, 494, 310, 437, 381, 878, 680, 355, 509, 456, 635, 299, 639, 686, 0, 935, 237, 718, 932, 580, 724, 603, 987, 663, 539, 169, 698, 477, 833, 695], [884, 88, 846, 530, 211, 679, 123, 489, 457, 547, 927, 722, 390, 881, 728, 290, 587, 633, 901, 639, 695, 777, 857, 746, 757, 427, 268, 608, 574, 919, 596, 734, 299, 614, 935, 0, 763, 235, 710, 823, 554, 375, 261, 345, 400, 862, 331, 629, 149, 532], [448, 831, 308, 290, 797, 198, 654, 442, 671, 635, 253, 455, 528, 637, 609, 592, 512, 451, 492, 686, 428, 564, 434, 496, 159, 647, 536, 155, 274, 297, 627, 63, 466, 683, 237, 763, 0, 531, 697, 372, 699, 400, 867, 556, 366, 309, 486, 240, 641, 458], [716, 313, 619, 298, 342, 445, 123, 349, 364, 489, 692, 576, 293, 764, 630, 239, 474, 439, 742, 586, 493, 657, 690, 610, 522, 328, 153, 378, 343, 688, 527, 500, 88, 564, 718, 235, 531, 0, 579, 604, 523, 140, 415, 265, 180, 667, 127, 397, 115, 342], [1102, 796, 486, 464, 896, 498, 608, 857, 257, 1042, 634, 1029, 847, 1234, 1137, 815, 986, 246, 1142, 1133, 275, 1134, 1081, 1071, 555, 283, 726, 635, 448, 578, 1069, 634, 623, 1115, 932, 710, 697, 579, 0, 406, 1086, 523, 961, 832, 626, 987, 458, 462, 578, 279], [819, 908, 84, 320, 942, 217, 700, 715, 513, 921, 231, 804, 759, 998, 947, 780, 821, 225, 863, 993, 158, 916, 804, 847, 214, 508, 696, 398, 274, 172, 929, 316, 589, 983, 580, 823, 372, 604, 406, 0, 980, 475, 1015, 767, 527, 680, 492, 233, 675, 311], [501, 540, 953, 677, 385, 765, 561, 266, 887, 65, 948, 332, 239, 387, 230, 290, 197, 896, 492, 95, 929, 310, 480, 324, 802, 850, 370, 593, 717, 979, 95, 718, 464, 70, 724, 554, 699, 523, 1086, 980, 0, 566, 404, 258, 472, 573, 632, 748, 582, 819], [650, 453, 483, 160, 467, 306, 258, 338, 361, 520, 552, 535, 327, 736, 622, 316, 468, 336, 681, 611, 380, 631, 624, 574, 382, 326, 227, 251, 206, 549, 547, 364, 117, 593, 603, 375, 400, 140, 523, 475, 566, 0, 541, 319, 108, 576, 102, 259, 242, 253], [852, 194, 1022, 699, 74, 838, 353, 477, 713, 427, 1074, 675, 365, 784, 624, 278, 522, 852, 856, 499, 907, 694, 826, 685, 905, 681, 335, 719, 746, 1081, 480, 856, 430, 474, 987, 261, 867, 415, 961, 1015, 404, 541, 0, 325, 513, 874, 539, 796, 383, 753], [550, 365, 755, 450, 263, 564, 318, 157, 630, 225, 781, 381, 46, 537, 387, 57, 242, 655, 562, 322, 694, 433, 523, 402, 619, 593, 113, 416, 495, 799, 267, 554, 209, 300, 663, 345, 556, 265, 832, 767, 258, 319, 325, 0, 240, 554, 375, 535, 335, 571], [550, 465, 519, 210, 440, 330, 301, 231, 468, 421, 561, 428, 237, 628, 514, 255, 360, 424, 579, 509, 458, 523, 524, 467, 392, 433, 179, 212, 254, 570, 444, 346, 101, 493, 539, 400, 366, 180, 626, 527, 472, 108, 513, 240, 0, 489, 204, 296, 295, 351], [149, 906, 613, 537, 817, 497, 782, 398, 914, 513, 526, 247, 510, 364, 398, 608, 381, 741, 193, 521, 729, 326, 144, 271, 468, 884, 596, 359, 541, 585, 480, 368, 581, 529, 169, 862, 309, 667, 987, 680, 573, 576, 874, 554, 489, 0, 677, 526, 781, 725], [751, 416, 517, 212, 467, 360, 208, 424, 267, 591, 607, 632, 394, 831, 710, 358, 554, 313, 782, 685, 370, 725, 726, 670, 442, 231, 268, 344, 251, 593, 623, 442, 168, 666, 698, 331, 486, 127, 458, 492, 632, 102, 539, 375, 204, 677, 0, 306, 184, 216], [647, 709, 226, 99, 722, 56, 507, 485, 439, 690, 301, 599, 526, 801, 731, 550, 597, 216, 688, 766, 209, 710, 627, 642, 139, 418, 469, 185, 55, 291, 701, 179, 366, 755, 477, 629, 240, 397, 462, 233, 748, 259, 796, 535, 296, 526, 306, 0, 486, 220], [825, 236, 701, 389, 319, 539, 30, 447, 334, 559, 787, 679, 372, 859, 717, 293, 565, 484, 849, 656, 546, 752, 799, 710, 619, 301, 228, 489, 431, 776, 602, 606, 200, 632, 833, 149, 641, 115, 578, 675, 582, 242, 383, 335, 295, 781, 184, 486, 0, 384], [832, 620, 359, 190, 682, 271, 412, 581, 223, 771, 484, 751, 580, 956, 859, 563, 708, 100, 870, 860, 165, 856, 809, 793, 348, 208, 472, 367, 187, 450, 795, 398, 364, 844, 695, 532, 458, 342, 279, 311, 819, 253, 753, 571, 351, 725, 216, 220, 384, 0]]}