{"n": 50, "m": 50, "facilities": [{"i": 0, "x": 34, "y": 538}, {"i": 1, "x": 831, "y": 608}, {"i": 2, "x": 355, "y": 926}, {"i": 3, "x": 411, "y": 564}, {"i": 4, "x": 517, "y": 155}, {"i": 5, "x": 587, "y": 415}, {"i": 6, "x": 817, "y": 935}, {"i": 7, "x": 98, "y": 699}, {"i": 8, "x": 390, "y": 386}, {"i": 9, "x": 445, "y": 517}, {"i": 10, "x": 882, "y": 158}, {"i": 11, "x": 131, "y": 653}, {"i": 12, "x": 943, "y": 458}, {"i": 13, "x": 762, "y": 654}, {"i": 14, "x": 641, "y": 593}, {"i": 15, "x": 459, "y": 171}, {"i": 16, "x": 242, "y": 554}, {"i": 17, "x": 577, "y": 184}, {"i": 18, "x": 899, "y": 232}, {"i": 19, "x": 829, "y": 518}, {"i": 20, "x": 268, "y": 969}, {"i": 21, "x": 567, "y": 332}, {"i": 22, "x": 902, "y": 838}, {"i": 23, "x": 239, "y": 350}, {"i": 24, "x": 826, "y": 580}, {"i": 25, "x": 547, "y": 747}, {"i": 26, "x": 78, "y": 21}, {"i": 27, "x": 174, "y": 385}, {"i": 28, "x": 86, "y": 754}, {"i": 29, "x": 78, "y": 750}, {"i": 30, "x": 989, "y": 195}, {"i": 31, "x": 325, "y": 987}, {"i": 32, "x": 272, "y": 350}, {"i": 33, "x": 742, "y": 3}, {"i": 34, "x": 983, "y": 935}, {"i": 35, "x": 919, "y": 246}, {"i": 36, "x": 863, "y": 549}, {"i": 37, "x": 303, "y": 883}, {"i": 38, "x": 456, "y": 875}, {"i": 39, "x": 729, "y": 567}, {"i": 40, "x": 722, "y": 824}, {"i": 41, "x": 865, "y": 162}, {"i": 42, "x": 137, "y": 384}, {"i": 43, "x": 190, "y": 365}, {"i": 44, "x": 311, "y": 670}, {"i": 45, "x": 476, "y": 817}, {"i": 46, "x": 461, "y": 383}, {"i": 47, "x": 334, "y": 919}, {"i": 48, "x": 51, "y": 545}, {"i": 49, "x": 235, "y": 827}], "users": [{"i": 0, "x": 285, "y": 1}, {"i": 1, "x": 976, "y": 459}, {"i": 2, "x": 846, "y": 639}, {"i": 3, "x": 243, "y": 99}, {"i": 4, "x": 608, "y": 301}, {"i": 5, "x": 625, "y": 732}, {"i": 6, "x": 426, "y": 706}, {"i": 7, "x": 146, "y": 911}, {"i": 8, "x": 206, "y": 620}, {"i": 9, "x": 39, "y": 662}, {"i": 10, "x": 194, "y": 719}, {"i": 11, "x": 912, "y": 230}, {"i": 12, "x": 742, "y": 786}, {"i": 13, "x": 825, "y": 564}, {"i": 14, "x": 490, "y": 37}, {"i": 15, "x": 130, "y": 887}, {"i": 16, "x": 113, "y": 389}, {"i": 17, "x": 826, "y": 331}, {"i": 18, "x": 118, "y": 348}, {"i": 19, "x": 803, "y": 582}, {"i": 20, "x": 168, "y": 614}, {"i": 21, "x": 382, "y": 241}, {"i": 22, "x": 681, "y": 83}, {"i": 23, "x": 422, "y": 857}, {"i": 24, "x": 823, "y": 664}, {"i": 25, "x": 375, "y": 92}, {"i": 26, "x": 162, "y": 973}, {"i": 27, "x": 906, "y": 503}, {"i": 28, "x": 284, "y": 35}, {"i": 29, "x": 679, "y": 195}, {"i": 30, "x": 185, "y": 13}, {"i": 31, "x": 8, "y": 707}, {"i": 32, "x": 734, "y": 985}, {"i": 33, "x": 864, "y": 216}, {"i": 34, "x": 929, "y": 815}, {"i": 35, "x": 601, "y": 370}, {"i": 36, "x": 408, "y": 213}, {"i": 37, "x": 425, "y": 534}, {"i": 38, "x": 781, "y": 465}, {"i": 39, "x": 85, "y": 825}, {"i": 40, "x": 267, "y": 332}, {"i": 41, "x": 836, "y": 269}, {"i": 42, "x": 844, "y": 868}, {"i": 43, "x": 890, "y": 780}, {"i": 44, "x": 901, "y": 331}, {"i": 45, "x": 516, "y": 38}, {"i": 46, "x": 395, "y": 633}, {"i": 47, "x": 618, "y": 812}, {"i": 48, "x": 676, "y": 167}, {"i": 49, "x": 401, "y": 612}], "distances": [[593, 816, 928, 577, 278, 512, 1075, 723, 399, 540, 617, 670, 801, 809, 691, 243, 555, 345, 656, 750, 968, 435, 1040, 352, 792, 791, 208, 400, 779, 777, 730, 987, 349, 457, 1166, 680, 796, 882, 891, 719, 932, 602, 411, 376, 670, 838, 421, 919, 592, 828], [945, 208, 777, 575, 551, 391, 502, 910, 591, 534, 315, 867, 33, 290, 361, 592, 740, 485, 240, 158, 873, 428, 386, 745, 193, 517, 999, 805, 938, 944, 264, 838, 712, 513, 476, 220, 144, 795, 666, 270, 445, 317, 842, 792, 698, 615, 521, 790, 929, 827], [818, 34, 569, 441, 585, 342, 297, 750, 521, 419, 482, 715, 205, 85, 210, 607, 610, 529, 410, 122, 666, 415, 207, 672, 62, 318, 986, 718, 769, 776, 466, 627, 643, 644, 326, 400, 92, 595, 456, 137, 223, 477, 753, 711, 536, 411, 462, 584, 801, 639], [486, 778, 835, 494, 280, 467, 1014, 617, 322, 464, 642, 565, 787, 760, 634, 228, 455, 345, 669, 720, 870, 399, 990, 251, 756, 716, 183, 294, 674, 672, 752, 892, 253, 508, 1116, 692, 766, 786, 805, 675, 869, 625, 304, 271, 575, 755, 358, 825, 486, 728], [621, 379, 674, 329, 172, 116, 668, 647, 234, 271, 309, 593, 370, 385, 294, 198, 445, 121, 299, 310, 750, 51, 612, 372, 354, 450, 599, 442, 691, 695, 395, 742, 340, 327, 737, 316, 356, 657, 594, 292, 535, 292, 478, 423, 474, 533, 168, 676, 608, 645], [622, 240, 332, 272, 587, 319, 279, 528, 418, 280, 629, 500, 420, 158, 140, 585, 422, 550, 570, 296, 429, 404, 297, 543, 252, 79, 897, 569, 539, 547, 649, 394, 520, 738, 412, 568, 300, 356, 221, 195, 134, 618, 599, 569, 320, 172, 386, 346, 604, 401], [426, 417, 231, 143, 558, 333, 453, 328, 322, 190, 713, 300, 573, 340, 243, 536, 239, 543, 670, 445, 307, 400, 494, 402, 419, 128, 768, 408, 343, 351, 760, 299, 388, 771, 602, 674, 464, 216, 172, 333, 319, 699, 433, 415, 121, 122, 325, 232, 408, 226], [389, 749, 210, 437, 842, 664, 671, 217, 579, 495, 1053, 258, 917, 667, 588, 803, 370, 845, 1014, 788, 135, 716, 760, 569, 756, 433, 893, 527, 168, 175, 1106, 194, 575, 1086, 837, 1020, 803, 159, 312, 677, 583, 1038, 527, 548, 292, 343, 615, 188, 378, 122], [191, 625, 340, 213, 559, 433, 687, 134, 298, 260, 819, 82, 755, 557, 436, 515, 75, 572, 794, 631, 354, 462, 729, 272, 621, 364, 613, 237, 180, 182, 891, 386, 278, 817, 838, 805, 661, 280, 357, 526, 555, 803, 246, 256, 116, 334, 348, 325, 172, 209], [124, 794, 412, 385, 697, 601, 825, 70, 447, 431, 982, 92, 927, 723, 606, 646, 230, 720, 962, 803, 383, 623, 881, 371, 791, 515, 642, 308, 103, 96, 1059, 433, 389, 964, 983, 973, 832, 344, 468, 697, 702, 966, 295, 333, 272, 464, 506, 391, 118, 256], [242, 647, 262, 267, 650, 497, 659, 98, 386, 322, 888, 91, 793, 572, 464, 609, 172, 658, 857, 666, 261, 537, 718, 372, 647, 354, 708, 335, 114, 120, 952, 298, 377, 902, 818, 866, 690, 197, 305, 556, 538, 872, 340, 354, 127, 299, 429, 244, 225, 116], [930, 387, 891, 602, 402, 374, 711, 939, 545, 548, 78, 888, 230, 450, 453, 457, 744, 338, 13, 300, 980, 360, 608, 684, 360, 633, 860, 754, 978, 983, 85, 958, 651, 284, 709, 17, 323, 893, 790, 383, 624, 83, 790, 735, 745, 731, 476, 899, 917, 903], [750, 199, 412, 399, 670, 402, 167, 650, 533, 401, 643, 625, 385, 134, 218, 677, 551, 624, 576, 282, 508, 487, 168, 666, 222, 199, 1013, 695, 657, 665, 641, 463, 641, 783, 283, 568, 266, 450, 300, 219, 43, 636, 726, 694, 446, 268, 491, 429, 732, 509], [791, 44, 593, 414, 512, 281, 371, 739, 470, 383, 410, 700, 159, 110, 186, 537, 583, 454, 340, 46, 689, 347, 285, 624, 16, 333, 924, 675, 763, 770, 404, 655, 593, 567, 403, 332, 41, 612, 483, 96, 280, 404, 711, 665, 525, 431, 407, 606, 774, 646], [677, 665, 899, 533, 121, 390, 956, 769, 363, 482, 410, 713, 618, 674, 576, 138, 573, 171, 453, 588, 958, 305, 901, 401, 639, 712, 412, 470, 823, 823, 523, 964, 381, 254, 1024, 477, 633, 866, 839, 581, 820, 395, 495, 445, 658, 780, 347, 896, 671, 830], [362, 754, 228, 428, 828, 657, 689, 191, 564, 486, 1047, 234, 919, 674, 590, 788, 351, 833, 1010, 790, 161, 706, 774, 548, 761, 440, 868, 504, 140, 147, 1103, 219, 555, 1075, 854, 1017, 807, 173, 326, 679, 595, 1032, 503, 525, 283, 353, 603, 206, 351, 121], [169, 751, 589, 346, 467, 475, 891, 310, 277, 356, 803, 265, 833, 701, 566, 409, 209, 507, 802, 728, 600, 458, 908, 132, 738, 563, 370, 61, 366, 363, 897, 634, 164, 738, 1027, 819, 767, 529, 595, 641, 748, 786, 25, 81, 344, 561, 348, 574, 168, 455], [819, 277, 759, 476, 356, 253, 604, 816, 439, 424, 182, 766, 173, 329, 321, 400, 625, 289, 123, 187, 848, 259, 513, 587, 249, 501, 810, 654, 852, 857, 212, 825, 554, 339, 624, 126, 221, 760, 658, 255, 504, 173, 691, 637, 617, 599, 369, 767, 804, 772], [208, 759, 625, 364, 443, 474, 913, 352, 275, 368, 787, 305, 832, 713, 578, 384, 240, 487, 790, 731, 639, 449, 925, 121, 745, 586, 329, 67, 407, 404, 884, 672, 154, 713, 1045, 807, 772, 566, 626, 649, 769, 770, 41, 74, 375, 590, 345, 610, 208, 493], [770, 38, 565, 392, 514, 273, 353, 715, 457, 364, 431, 676, 187, 83, 162, 536, 562, 458, 363, 69, 660, 344, 274, 610, 23, 305, 917, 659, 737, 744, 429, 627, 579, 582, 396, 355, 68, 584, 454, 76, 255, 425, 695, 650, 500, 403, 396, 578, 753, 619], [154, 663, 364, 248, 577, 464, 724, 110, 318, 293, 847, 54, 791, 595, 473, 530, 95, 593, 825, 668, 369, 489, 767, 273, 659, 402, 600, 229, 162, 163, 922, 405, 284, 838, 876, 836, 698, 301, 389, 563, 592, 831, 232, 250, 154, 369, 373, 347, 136, 223], [458, 580, 686, 324, 160, 269, 819, 539, 145, 283, 507, 482, 602, 561, 437, 104, 343, 203, 517, 526, 737, 206, 792, 180, 559, 532, 375, 253, 592, 593, 609, 748, 155, 432, 918, 537, 571, 647, 638, 476, 675, 489, 284, 229, 435, 584, 162, 680, 449, 604], [791, 546, 904, 552, 179, 345, 863, 848, 420, 494, 215, 792, 457, 577, 512, 239, 644, 145, 264, 459, 978, 274, 787, 516, 518, 677, 606, 590, 897, 899, 328, 972, 488, 101, 904, 288, 500, 885, 823, 486, 742, 200, 622, 566, 694, 762, 372, 905, 781, 867], [502, 479, 96, 293, 708, 472, 403, 360, 472, 341, 837, 355, 656, 396, 343, 687, 352, 691, 786, 530, 190, 545, 480, 539, 490, 167, 904, 533, 351, 360, 872, 162, 529, 912, 566, 788, 538, 122, 38, 422, 302, 824, 552, 544, 217, 67, 476, 108, 485, 189], [799, 57, 536, 424, 594, 343, 271, 726, 515, 406, 509, 692, 238, 62, 195, 613, 591, 539, 439, 146, 633, 419, 191, 663, 84, 288, 984, 706, 742, 750, 498, 594, 634, 666, 315, 429, 122, 564, 423, 135, 189, 504, 741, 700, 512, 379, 458, 551, 781, 610], [561, 689, 834, 473, 155, 386, 952, 667, 294, 431, 511, 612, 676, 682, 567, 115, 481, 222, 542, 623, 884, 307, 913, 292, 664, 677, 305, 355, 722, 722, 623, 896, 278, 378, 1039, 565, 669, 794, 787, 592, 810, 495, 377, 330, 582, 732, 303, 828, 557, 748], [453, 762, 199, 479, 892, 701, 656, 281, 630, 537, 1087, 321, 936, 680, 611, 855, 427, 891, 1045, 807, 106, 758, 752, 628, 772, 446, 956, 588, 232, 238, 1135, 164, 633, 1130, 822, 1050, 819, 167, 310, 697, 579, 1073, 590, 609, 338, 351, 661, 180, 442, 163], [873, 129, 695, 499, 522, 331, 441, 831, 529, 461, 346, 789, 58, 209, 280, 557, 666, 458, 271, 78, 790, 380, 335, 684, 111, 434, 958, 741, 858, 864, 319, 756, 652, 526, 439, 257, 63, 713, 584, 188, 370, 343, 778, 729, 618, 532, 461, 707, 856, 745], [562, 792, 894, 544, 262, 486, 1046, 690, 367, 508, 611, 637, 783, 782, 662, 222, 521, 329, 646, 728, 934, 410, 1013, 318, 769, 759, 206, 367, 746, 744, 723, 953, 315, 459, 1140, 669, 774, 848, 857, 694, 902, 595, 379, 343, 636, 805, 390, 885, 561, 794], [731, 440, 800, 456, 167, 238, 753, 769, 346, 398, 206, 714, 373, 466, 400, 221, 566, 103, 223, 356, 876, 177, 681, 467, 412, 568, 626, 540, 815, 818, 310, 868, 436, 202, 800, 245, 399, 784, 716, 375, 630, 189, 574, 518, 601, 654, 288, 802, 719, 772], [546, 878, 929, 596, 361, 569, 1118, 691, 426, 567, 712, 642, 879, 862, 738, 316, 544, 428, 747, 818, 960, 498, 1093, 341, 856, 818, 107, 372, 748, 745, 824, 984, 348, 557, 1219, 770, 864, 878, 904, 776, 973, 696, 374, 352, 669, 855, 462, 918, 549, 816], [171, 829, 410, 428, 751, 648, 841, 90, 499, 477, 1032, 134, 968, 756, 643, 700, 280, 773, 1010, 842, 369, 673, 904, 425, 828, 540, 690, 362, 91, 82, 1107, 423, 444, 1017, 1001, 1021, 869, 344, 478, 734, 724, 1016, 348, 387, 305, 481, 557, 389, 168, 257], [831, 389, 384, 531, 858, 589, 97, 697, 691, 550, 840, 688, 567, 332, 403, 859, 654, 816, 771, 477, 466, 674, 223, 805, 415, 303, 1166, 821, 688, 697, 830, 409, 785, 982, 254, 762, 455, 443, 299, 418, 161, 833, 847, 825, 527, 308, 661, 405, 812, 523], [890, 393, 874, 571, 352, 341, 721, 906, 504, 516, 61, 853, 255, 450, 438, 407, 708, 289, 38, 304, 960, 319, 623, 639, 366, 618, 810, 710, 946, 950, 127, 941, 607, 245, 729, 63, 333, 872, 775, 376, 624, 54, 746, 690, 715, 715, 436, 880, 877, 877], [937, 229, 585, 576, 778, 526, 164, 839, 689, 568, 659, 814, 357, 232, 364, 797, 735, 723, 584, 313, 679, 604, 35, 832, 257, 388, 1164, 869, 845, 853, 623, 628, 805, 833, 132, 569, 274, 630, 477, 319, 207, 656, 902, 865, 635, 453, 637, 604, 919, 694], [591, 331, 608, 272, 231, 47, 605, 601, 212, 214, 352, 549, 353, 326, 227, 244, 403, 188, 328, 272, 685, 51, 556, 363, 308, 381, 629, 427, 642, 646, 426, 676, 330, 393, 682, 341, 317, 593, 525, 235, 470, 336, 464, 411, 417, 464, 141, 610, 577, 585], [495, 579, 715, 351, 123, 270, 830, 576, 174, 306, 477, 520, 588, 566, 446, 66, 379, 171, 491, 520, 769, 199, 797, 218, 556, 552, 382, 290, 630, 630, 581, 778, 193, 395, 923, 512, 566, 678, 664, 478, 687, 460, 320, 266, 467, 608, 178, 710, 488, 638], [391, 413, 398, 33, 390, 201, 561, 366, 152, 26, 592, 317, 524, 358, 224, 365, 184, 382, 562, 404, 462, 247, 566, 262, 404, 245, 619, 292, 404, 409, 658, 464, 239, 618, 687, 572, 438, 370, 342, 306, 415, 576, 325, 289, 177, 288, 155, 396, 374, 349], [751, 151, 628, 383, 407, 200, 471, 722, 399, 340, 323, 677, 162, 190, 190, 436, 546, 347, 261, 72, 719, 252, 392, 554, 123, 366, 831, 612, 753, 759, 341, 693, 522, 464, 512, 259, 117, 635, 523, 114, 364, 314, 649, 599, 513, 466, 330, 637, 734, 655], [291, 777, 288, 418, 797, 648, 740, 127, 535, 474, 1039, 178, 933, 698, 602, 753, 313, 808, 1007, 805, 233, 689, 817, 499, 780, 469, 804, 449, 71, 75, 1102, 290, 510, 1052, 905, 1015, 826, 226, 374, 694, 637, 1024, 444, 472, 274, 391, 580, 266, 282, 150], [311, 628, 600, 273, 306, 331, 816, 404, 134, 257, 639, 349, 688, 591, 456, 251, 223, 344, 640, 592, 637, 300, 812, 33, 612, 501, 364, 107, 459, 459, 735, 658, 19, 578, 936, 658, 634, 552, 575, 518, 670, 622, 140, 84, 341, 528, 201, 591, 303, 496], [846, 339, 814, 517, 339, 289, 666, 854, 461, 463, 120, 803, 217, 392, 378, 390, 659, 273, 73, 249, 901, 276, 573, 602, 311, 559, 798, 672, 893, 898, 170, 881, 570, 282, 682, 86, 281, 813, 715, 317, 567, 111, 708, 653, 661, 656, 392, 821, 832, 820], [875, 260, 492, 529, 784, 521, 72, 765, 662, 531, 711, 745, 422, 229, 342, 796, 679, 734, 638, 350, 585, 603, 65, 796, 289, 321, 1142, 826, 767, 775, 688, 532, 772, 871, 154, 627, 320, 541, 388, 322, 130, 706, 857, 825, 569, 372, 618, 513, 856, 610], [890, 182, 555, 525, 728, 474, 171, 796, 637, 517, 622, 770, 326, 180, 311, 746, 686, 673, 548, 269, 650, 552, 59, 780, 210, 345, 1111, 818, 804, 813, 593, 602, 753, 791, 181, 535, 233, 596, 444, 267, 174, 619, 851, 814, 589, 416, 585, 573, 871, 657], [891, 286, 808, 543, 422, 325, 610, 883, 514, 492, 174, 835, 134, 352, 369, 470, 696, 356, 99, 200, 899, 334, 507, 662, 260, 546, 879, 729, 918, 924, 162, 873, 629, 365, 610, 87, 221, 814, 703, 292, 524, 173, 766, 712, 680, 646, 443, 817, 877, 830], [694, 651, 902, 536, 117, 384, 946, 782, 370, 484, 385, 726, 599, 663, 569, 145, 584, 158, 429, 573, 963, 298, 888, 417, 624, 710, 438, 487, 835, 836, 498, 968, 396, 229, 1011, 454, 618, 871, 839, 570, 813, 370, 513, 462, 664, 780, 349, 900, 688, 838], [373, 437, 296, 71, 493, 290, 519, 304, 247, 126, 680, 265, 575, 368, 249, 466, 172, 484, 644, 449, 359, 347, 547, 323, 434, 190, 689, 332, 332, 338, 738, 361, 309, 719, 661, 651, 475, 266, 250, 340, 379, 665, 359, 337, 92, 201, 259, 292, 355, 251], [645, 295, 287, 323, 665, 398, 234, 532, 483, 342, 705, 512, 481, 214, 220, 660, 456, 629, 644, 362, 384, 483, 285, 598, 312, 96, 958, 616, 535, 544, 720, 341, 577, 818, 385, 641, 359, 323, 174, 269, 105, 695, 644, 619, 338, 142, 457, 303, 627, 383], [741, 467, 824, 477, 159, 263, 781, 786, 360, 419, 206, 730, 395, 495, 427, 217, 581, 100, 232, 383, 900, 198, 708, 474, 439, 594, 616, 547, 832, 835, 314, 892, 444, 177, 827, 256, 425, 807, 741, 403, 659, 189, 581, 525, 621, 680, 305, 826, 730, 794], [374, 430, 317, 49, 471, 271, 527, 315, 226, 105, 661, 273, 563, 363, 241, 445, 169, 463, 626, 438, 381, 326, 550, 308, 426, 199, 674, 321, 346, 351, 721, 383, 292, 698, 666, 634, 466, 288, 269, 331, 385, 646, 349, 325, 107, 218, 237, 314, 356, 272]], "facilities_distances": [[0, 800, 504, 378, 616, 567, 878, 173, 387, 412, 929, 150, 913, 737, 609, 562, 209, 648, 918, 795, 490, 571, 918, 278, 793, 554, 519, 207, 222, 217, 1015, 535, 303, 887, 1029, 932, 829, 437, 540, 696, 745, 912, 185, 233, 307, 523, 454, 485, 18, 352], [800, 0, 572, 422, 551, 311, 327, 739, 494, 397, 453, 701, 187, 83, 191, 574, 591, 494, 382, 90, 669, 382, 241, 646, 28, 316, 955, 694, 759, 766, 442, 632, 616, 612, 361, 373, 67, 595, 460, 110, 242, 447, 729, 686, 524, 412, 433, 586, 783, 635], [504, 572, 0, 366, 788, 561, 462, 343, 541, 419, 931, 353, 752, 490, 439, 762, 389, 774, 882, 625, 97, 631, 554, 588, 584, 262, 946, 570, 319, 328, 968, 68, 582, 1001, 628, 883, 633, 67, 113, 518, 381, 919, 584, 585, 260, 163, 553, 22, 487, 156], [378, 422, 366, 0, 423, 231, 550, 341, 179, 58, 622, 294, 542, 362, 232, 396, 169, 415, 590, 421, 430, 280, 562, 275, 415, 228, 637, 297, 376, 381, 686, 432, 255, 651, 682, 599, 452, 337, 314, 318, 405, 606, 328, 297, 146, 261, 188, 363, 361, 316], [616, 551, 788, 423, 0, 269, 836, 687, 264, 369, 365, 630, 523, 556, 455, 60, 485, 67, 390, 479, 851, 184, 784, 340, 525, 593, 459, 413, 738, 739, 474, 854, 313, 272, 909, 412, 524, 759, 723, 463, 700, 348, 444, 389, 555, 663, 235, 786, 608, 729], [567, 311, 561, 231, 269, 0, 569, 565, 199, 175, 391, 514, 359, 296, 186, 276, 372, 231, 362, 263, 639, 85, 527, 354, 290, 334, 644, 414, 605, 609, 458, 629, 322, 440, 654, 373, 307, 547, 478, 208, 431, 376, 451, 400, 376, 417, 130, 564, 552, 542], [878, 327, 462, 550, 836, 569, 0, 757, 696, 560, 780, 742, 493, 286, 385, 844, 690, 788, 708, 417, 550, 653, 129, 822, 355, 329, 1175, 846, 753, 762, 760, 495, 800, 935, 166, 697, 389, 517, 366, 378, 146, 774, 875, 847, 571, 361, 657, 483, 860, 592], [173, 739, 343, 341, 687, 565, 757, 0, 428, 392, 953, 57, 879, 666, 553, 640, 204, 703, 927, 753, 319, 596, 816, 376, 738, 452, 678, 323, 56, 55, 1024, 367, 390, 948, 916, 938, 780, 275, 399, 645, 636, 936, 317, 346, 215, 396, 481, 323, 161, 187], [387, 494, 541, 179, 264, 199, 696, 428, 0, 142, 542, 372, 558, 458, 325, 226, 224, 275, 532, 458, 596, 185, 683, 155, 477, 394, 480, 216, 477, 479, 629, 605, 123, 520, 808, 547, 500, 505, 493, 384, 550, 525, 253, 201, 295, 439, 71, 536, 374, 467], [412, 397, 419, 58, 369, 175, 560, 392, 142, 0, 566, 342, 501, 345, 210, 346, 206, 358, 536, 384, 485, 222, 558, 265, 386, 252, 617, 301, 430, 435, 632, 485, 240, 594, 681, 546, 419, 393, 358, 288, 413, 550, 335, 297, 203, 302, 135, 417, 395, 374], [929, 453, 931, 622, 365, 391, 780, 953, 542, 566, 0, 899, 306, 510, 497, 423, 753, 306, 76, 364, 1017, 360, 680, 671, 426, 678, 816, 744, 994, 998, 113, 999, 640, 209, 784, 95, 391, 928, 834, 437, 685, 17, 779, 722, 767, 774, 477, 938, 917, 931], [150, 701, 353, 294, 630, 514, 742, 57, 372, 342, 899, 0, 835, 631, 514, 583, 149, 647, 876, 711, 344, 541, 793, 322, 699, 426, 634, 271, 111, 111, 973, 386, 334, 892, 897, 887, 739, 287, 394, 604, 615, 883, 269, 294, 181, 382, 426, 335, 134, 203], [913, 187, 752, 542, 523, 359, 493, 879, 558, 501, 306, 835, 0, 267, 331, 563, 708, 457, 230, 129, 847, 397, 382, 712, 169, 490, 969, 772, 907, 913, 267, 813, 680, 497, 479, 213, 121, 768, 641, 240, 428, 306, 809, 759, 667, 589, 488, 764, 896, 798], [737, 83, 490, 362, 556, 296, 286, 666, 458, 345, 510, 631, 267, 0, 136, 570, 530, 505, 444, 152, 586, 376, 231, 605, 98, 234, 932, 647, 683, 691, 512, 549, 577, 651, 357, 437, 146, 513, 377, 93, 175, 503, 681, 641, 451, 329, 405, 503, 719, 555], [609, 191, 439, 232, 455, 186, 385, 553, 325, 210, 497, 514, 331, 136, 0, 460, 401, 414, 444, 202, 530, 271, 358, 470, 185, 180, 803, 511, 578, 584, 529, 505, 442, 599, 484, 445, 226, 445, 337, 92, 245, 486, 546, 505, 339, 278, 277, 448, 592, 469], [562, 574, 762, 396, 60, 276, 844, 640, 226, 346, 423, 583, 563, 570, 460, 0, 440, 119, 444, 507, 821, 194, 801, 284, 550, 583, 409, 356, 692, 693, 531, 827, 259, 329, 926, 466, 553, 729, 704, 479, 704, 406, 386, 332, 520, 646, 212, 758, 553, 693], [209, 591, 389, 169, 485, 372, 690, 204, 224, 206, 753, 149, 708, 530, 401, 440, 0, 499, 732, 588, 416, 394, 719, 204, 585, 361, 558, 182, 254, 256, 829, 441, 206, 744, 833, 744, 621, 335, 386, 487, 551, 736, 200, 196, 135, 352, 278, 376, 191, 273], [648, 494, 774, 415, 67, 231, 788, 703, 275, 358, 306, 647, 457, 505, 414, 119, 499, 0, 326, 418, 844, 148, 730, 377, 468, 564, 525, 450, 752, 755, 412, 842, 347, 245, 854, 348, 464, 751, 702, 412, 656, 289, 483, 427, 554, 641, 230, 774, 638, 728], [918, 382, 882, 590, 390, 362, 708, 927, 532, 536, 76, 876, 230, 444, 444, 444, 732, 326, 0, 294, 970, 347, 606, 670, 356, 624, 848, 741, 966, 971, 97, 948, 638, 278, 708, 24, 319, 883, 781, 376, 618, 78, 777, 721, 733, 722, 463, 889, 904, 892], [795, 90, 625, 421, 479, 263, 417, 753, 458, 384, 364, 711, 129, 152, 202, 507, 588, 418, 294, 0, 720, 321, 328, 613, 62, 363, 901, 668, 780, 786, 360, 688, 582, 522, 445, 287, 46, 640, 516, 111, 324, 358, 705, 657, 540, 463, 392, 637, 778, 670], [490, 669, 97, 430, 851, 639, 550, 319, 596, 485, 1017, 344, 847, 586, 530, 821, 416, 844, 970, 720, 0, 704, 647, 620, 680, 357, 967, 592, 282, 290, 1058, 60, 619, 1076, 716, 973, 728, 93, 210, 612, 477, 1004, 599, 609, 302, 258, 617, 83, 476, 146], [571, 382, 631, 280, 184, 85, 653, 596, 185, 222, 360, 541, 397, 376, 271, 194, 394, 148, 347, 321, 704, 0, 607, 328, 359, 415, 580, 397, 640, 643, 444, 698, 296, 373, 733, 362, 367, 611, 554, 285, 516, 343, 433, 378, 424, 493, 118, 632, 558, 596], [918, 241, 554, 562, 784, 527, 129, 816, 683, 558, 680, 793, 382, 231, 358, 801, 719, 730, 606, 328, 647, 607, 0, 823, 269, 366, 1160, 857, 820, 829, 649, 596, 797, 850, 126, 592, 292, 601, 448, 322, 181, 677, 890, 855, 614, 427, 634, 574, 900, 667], [278, 646, 588, 275, 340, 354, 822, 376, 155, 265, 671, 322, 712, 605, 470, 284, 204, 377, 670, 613, 620, 328, 823, 0, 630, 502, 366, 74, 432, 431, 766, 643, 33, 611, 946, 688, 655, 537, 568, 536, 677, 654, 108, 51, 328, 524, 224, 577, 271, 477], [793, 28, 584, 415, 525, 290, 355, 738, 477, 386, 426, 699, 169, 98, 185, 550, 585, 468, 356, 62, 680, 359, 269, 630, 0, 325, 934, 681, 760, 767, 418, 645, 600, 583, 388, 347, 48, 604, 473, 98, 265, 420, 716, 671, 523, 423, 415, 597, 776, 641], [554, 316, 262, 228, 593, 334, 329, 452, 394, 252, 678, 426, 490, 234, 180, 583, 361, 564, 624, 363, 357, 415, 366, 502, 325, 0, 864, 520, 461, 469, 707, 327, 483, 769, 475, 624, 373, 279, 157, 256, 191, 666, 548, 523, 248, 100, 374, 274, 536, 322], [519, 955, 946, 637, 459, 644, 1175, 678, 480, 617, 816, 634, 969, 932, 803, 409, 558, 525, 848, 901, 967, 580, 1160, 366, 934, 864, 0, 376, 733, 729, 927, 997, 382, 664, 1286, 871, 946, 891, 934, 850, 1029, 800, 368, 362, 690, 890, 527, 934, 525, 821], [207, 694, 570, 297, 413, 414, 846, 323, 216, 301, 744, 271, 772, 647, 511, 356, 182, 450, 741, 668, 592, 397, 857, 74, 681, 520, 376, 0, 379, 377, 837, 621, 104, 685, 978, 758, 708, 514, 565, 584, 702, 726, 37, 26, 316, 527, 287, 557, 202, 446], [222, 759, 319, 376, 738, 605, 753, 56, 477, 430, 994, 111, 907, 683, 578, 692, 254, 752, 966, 780, 282, 640, 820, 432, 760, 461, 733, 379, 0, 9, 1062, 334, 445, 997, 915, 976, 804, 252, 389, 670, 640, 978, 373, 403, 240, 395, 528, 298, 212, 166], [217, 766, 328, 381, 739, 609, 762, 55, 479, 435, 998, 111, 913, 691, 584, 693, 256, 755, 971, 786, 290, 643, 829, 431, 767, 469, 729, 377, 9, 0, 1067, 342, 445, 999, 924, 980, 810, 261, 398, 676, 648, 982, 371, 401, 246, 404, 530, 307, 207, 175], [1015, 442, 968, 686, 474, 458, 760, 1024, 629, 632, 113, 973, 267, 512, 529, 531, 829, 412, 97, 360, 1058, 444, 649, 766, 418, 707, 927, 837, 1062, 1067, 0, 1034, 734, 313, 740, 87, 376, 972, 864, 454, 683, 128, 873, 817, 828, 806, 560, 976, 1001, 984], [535, 632, 68, 432, 854, 629, 495, 367, 605, 485, 999, 386, 813, 549, 505, 827, 441, 842, 948, 688, 60, 698, 596, 643, 645, 327, 997, 621, 334, 342, 1034, 0, 639, 1069, 660, 950, 694, 106, 172, 583, 429, 986, 632, 636, 317, 227, 619, 69, 520, 184], [303, 616, 582, 255, 313, 322, 800, 390, 123, 240, 640, 334, 680, 577, 442, 259, 206, 347, 638, 582, 619, 296, 797, 33, 600, 483, 382, 104, 445, 445, 734, 639, 0, 584, 921, 655, 624, 534, 556, 506, 654, 622, 139, 83, 322, 510, 192, 572, 295, 478], [887, 612, 1001, 651, 272, 440, 935, 948, 520, 594, 209, 892, 497, 651, 599, 329, 744, 245, 278, 522, 1076, 373, 850, 611, 583, 769, 664, 685, 997, 999, 313, 1069, 584, 0, 963, 301, 559, 983, 918, 564, 821, 201, 715, 660, 794, 856, 473, 1003, 878, 967], [1029, 361, 628, 682, 909, 654, 166, 916, 808, 681, 784, 897, 479, 357, 484, 926, 833, 854, 708, 445, 716, 733, 126, 946, 388, 475, 1286, 978, 915, 924, 740, 660, 921, 963, 0, 692, 404, 682, 530, 447, 284, 782, 1010, 977, 722, 521, 760, 649, 1010, 756], [932, 373, 883, 599, 412, 373, 697, 938, 547, 546, 95, 887, 213, 437, 445, 466, 744, 348, 24, 287, 973, 362, 592, 688, 347, 624, 871, 758, 976, 980, 87, 950, 655, 301, 692, 0, 308, 886, 781, 373, 611, 100, 794, 739, 741, 723, 478, 892, 918, 897], [829, 67, 633, 452, 524, 307, 389, 780, 500, 419, 391, 739, 121, 146, 226, 553, 621, 464, 319, 46, 728, 367, 292, 655, 48, 373, 946, 708, 804, 810, 376, 694, 624, 559, 404, 308, 0, 652, 521, 135, 309, 387, 745, 698, 565, 471, 435, 646, 812, 687], [437, 595, 67, 337, 759, 547, 517, 275, 505, 393, 928, 287, 768, 513, 445, 729, 335, 751, 883, 640, 93, 611, 601, 537, 604, 279, 891, 514, 252, 261, 972, 106, 534, 983, 682, 886, 652, 0, 153, 530, 423, 914, 526, 530, 213, 185, 524, 48, 422, 88], [540, 460, 113, 314, 723, 478, 366, 399, 493, 358, 834, 394, 641, 377, 337, 704, 386, 702, 781, 516, 210, 554, 448, 568, 473, 157, 934, 565, 389, 398, 864, 172, 556, 918, 530, 781, 521, 153, 0, 412, 271, 822, 586, 575, 251, 61, 492, 130, 522, 226], [696, 110, 518, 318, 463, 208, 378, 645, 384, 288, 437, 604, 240, 93, 92, 479, 487, 412, 376, 111, 612, 285, 322, 536, 98, 256, 850, 584, 670, 676, 454, 583, 506, 564, 447, 373, 135, 530, 412, 0, 257, 427, 620, 576, 431, 356, 325, 529, 678, 558], [745, 242, 381, 405, 700, 431, 146, 636, 550, 413, 685, 615, 428, 175, 245, 704, 551, 656, 618, 324, 477, 516, 181, 677, 265, 191, 1029, 702, 640, 648, 683, 429, 654, 821, 284, 611, 309, 423, 271, 257, 0, 677, 732, 703, 439, 246, 512, 399, 727, 487], [912, 447, 919, 606, 348, 376, 774, 936, 525, 550, 17, 883, 306, 503, 486, 406, 736, 289, 78, 358, 1004, 343, 677, 654, 420, 666, 800, 726, 978, 982, 128, 986, 622, 201, 782, 100, 387, 914, 822, 427, 677, 0, 761, 705, 752, 762, 460, 925, 900, 916], [185, 729, 584, 328, 444, 451, 875, 317, 253, 335, 779, 269, 809, 681, 546, 386, 200, 483, 777, 705, 599, 433, 890, 108, 716, 548, 368, 37, 373, 371, 873, 632, 139, 715, 1010, 794, 745, 526, 586, 620, 732, 761, 0, 56, 335, 550, 324, 570, 183, 454], [233, 686, 585, 297, 389, 400, 847, 346, 201, 297, 722, 294, 759, 641, 505, 332, 196, 427, 721, 657, 609, 378, 855, 51, 671, 523, 362, 26, 403, 401, 817, 636, 83, 660, 977, 739, 698, 530, 575, 576, 703, 705, 56, 0, 328, 535, 272, 572, 227, 464], [307, 524, 260, 146, 555, 376, 571, 215, 295, 203, 767, 181, 667, 451, 339, 520, 135, 554, 733, 540, 302, 424, 614, 328, 523, 248, 690, 316, 240, 246, 828, 317, 322, 794, 722, 741, 565, 213, 251, 431, 439, 752, 335, 328, 0, 221, 324, 250, 288, 174], [523, 412, 163, 261, 663, 417, 361, 396, 439, 302, 774, 382, 589, 329, 278, 646, 352, 641, 722, 463, 258, 493, 427, 524, 423, 100, 890, 527, 395, 404, 806, 227, 510, 856, 521, 723, 471, 185, 61, 356, 246, 762, 550, 535, 221, 0, 434, 175, 505, 241], [454, 433, 553, 188, 235, 130, 657, 481, 71, 135, 477, 426, 488, 405, 277, 212, 278, 230, 463, 392, 617, 118, 634, 224, 415, 374, 527, 287, 528, 530, 560, 619, 192, 473, 760, 478, 435, 524, 492, 325, 512, 460, 324, 272, 324, 434, 0, 551, 441, 498], [485, 586, 22, 363, 786, 564, 483, 323, 536, 417, 938, 335, 764, 503, 448, 758, 376, 774, 889, 637, 83, 632, 574, 577, 597, 274, 934, 557, 298, 307, 976, 69, 572, 1003, 649, 892, 646, 48, 130, 529, 399, 925, 570, 572, 250, 175, 551, 0, 469, 135], [18, 783, 487, 361, 608, 552, 860, 161, 374, 395, 917, 134, 896, 719, 592, 553, 191, 638, 904, 778, 476, 558, 900, 271, 776, 536, 525, 202, 212, 207, 1001, 520, 295, 878, 1010, 918, 812, 422, 522, 678, 727, 900, 183, 227, 288, 505, 441, 469, 0, 337], [352, 635, 156, 316, 729, 542, 592, 187, 467, 374, 931, 203, 798, 555, 469, 693, 273, 728, 892, 670, 146, 596, 667, 477, 641, 322, 821, 446, 166, 175, 984, 184, 478, 967, 756, 897, 687, 88, 226, 558, 487, 916, 454, 464, 174, 241, 498, 135, 337, 0]]}