{"n": 50, "m": 50, "facilities": [{"i": 0, "x": 31, "y": 920}, {"i": 1, "x": 982, "y": 603}, {"i": 2, "x": 111, "y": 187}, {"i": 3, "x": 638, "y": 823}, {"i": 4, "x": 550, "y": 710}, {"i": 5, "x": 419, "y": 385}, {"i": 6, "x": 636, "y": 511}, {"i": 7, "x": 121, "y": 902}, {"i": 8, "x": 297, "y": 731}, {"i": 9, "x": 763, "y": 82}, {"i": 10, "x": 897, "y": 531}, {"i": 11, "x": 293, "y": 294}, {"i": 12, "x": 958, "y": 699}, {"i": 13, "x": 679, "y": 662}, {"i": 14, "x": 91, "y": 705}, {"i": 15, "x": 363, "y": 627}, {"i": 16, "x": 793, "y": 321}, {"i": 17, "x": 860, "y": 954}, {"i": 18, "x": 35, "y": 264}, {"i": 19, "x": 736, "y": 842}, {"i": 20, "x": 421, "y": 809}, {"i": 21, "x": 143, "y": 605}, {"i": 22, "x": 468, "y": 85}, {"i": 23, "x": 327, "y": 774}, {"i": 24, "x": 805, "y": 127}, {"i": 25, "x": 870, "y": 607}, {"i": 26, "x": 541, "y": 956}, {"i": 27, "x": 901, "y": 94}, {"i": 28, "x": 631, "y": 441}, {"i": 29, "x": 651, "y": 453}, {"i": 30, "x": 213, "y": 758}, {"i": 31, "x": 356, "y": 364}, {"i": 32, "x": 558, "y": 115}, {"i": 33, "x": 63, "y": 365}, {"i": 34, "x": 391, "y": 44}, {"i": 35, "x": 779, "y": 934}, {"i": 36, "x": 944, "y": 1}, {"i": 37, "x": 789, "y": 194}, {"i": 38, "x": 908, "y": 163}, {"i": 39, "x": 600, "y": 230}, {"i": 40, "x": 773, "y": 817}, {"i": 41, "x": 191, "y": 92}, {"i": 42, "x": 814, "y": 101}, {"i": 43, "x": 659, "y": 282}, {"i": 44, "x": 220, "y": 619}, {"i": 45, "x": 777, "y": 210}, {"i": 46, "x": 134, "y": 592}, {"i": 47, "x": 547, "y": 300}, {"i": 48, "x": 224, "y": 406}, {"i": 49, "x": 489, "y": 209}], "users": [{"i": 0, "x": 112, "y": 997}, {"i": 1, "x": 873, "y": 339}, {"i": 2, "x": 174, "y": 84}, {"i": 3, "x": 355, "y": 233}, {"i": 4, "x": 459, "y": 406}, {"i": 5, "x": 284, "y": 72}, {"i": 6, "x": 997, "y": 136}, {"i": 7, "x": 932, "y": 555}, {"i": 8, "x": 667, "y": 505}, {"i": 9, "x": 990, "y": 292}, {"i": 10, "x": 254, "y": 412}, {"i": 11, "x": 937, "y": 286}, {"i": 12, "x": 146, "y": 199}, {"i": 13, "x": 677, "y": 854}, {"i": 14, "x": 571, "y": 659}, {"i": 15, "x": 108, "y": 758}, {"i": 16, "x": 27, "y": 409}, {"i": 17, "x": 116, "y": 292}, {"i": 18, "x": 491, "y": 797}, {"i": 19, "x": 109, "y": 851}, {"i": 20, "x": 852, "y": 419}, {"i": 21, "x": 986, "y": 712}, {"i": 22, "x": 736, "y": 558}, {"i": 23, "x": 687, "y": 702}, {"i": 24, "x": 608, "y": 287}, {"i": 25, "x": 588, "y": 284}, {"i": 26, "x": 87, "y": 213}, {"i": 27, "x": 352, "y": 904}, {"i": 28, "x": 176, "y": 614}, {"i": 29, "x": 203, "y": 552}, {"i": 30, "x": 854, "y": 632}, {"i": 31, "x": 3, "y": 893}, {"i": 32, "x": 273, "y": 967}, {"i": 33, "x": 331, "y": 301}, {"i": 34, "x": 239, "y": 105}, {"i": 35, "x": 854, "y": 49}, {"i": 36, "x": 800, "y": 84}, {"i": 37, "x": 580, "y": 624}, {"i": 38, "x": 311, "y": 859}, {"i": 39, "x": 374, "y": 482}, {"i": 40, "x": 789, "y": 276}, {"i": 41, "x": 92, "y": 809}, {"i": 42, "x": 800, "y": 822}, {"i": 43, "x": 757, "y": 131}, {"i": 44, "x": 522, "y": 106}, {"i": 45, "x": 937, "y": 806}, {"i": 46, "x": 499, "y": 751}, {"i": 47, "x": 346, "y": 841}, {"i": 48, "x": 685, "y": 252}, {"i": 49, "x": 712, "y": 901}], "distances": [[112, 955, 810, 554, 524, 685, 715, 95, 324, 1123, 913, 726, 897, 659, 293, 447, 960, 749, 737, 643, 362, 393, 979, 310, 1112, 852, 431, 1199, 761, 766, 259, 678, 988, 634, 993, 670, 1298, 1050, 1153, 909, 685, 908, 1138, 900, 393, 1030, 406, 822, 602, 874], [1023, 286, 777, 538, 492, 456, 293, 939, 697, 280, 193, 582, 370, 377, 863, 586, 82, 615, 841, 521, 652, 777, 478, 698, 223, 268, 701, 247, 263, 250, 782, 518, 387, 810, 565, 602, 345, 168, 179, 294, 488, 725, 245, 221, 710, 161, 781, 328, 652, 405], [848, 960, 121, 873, 730, 388, 629, 820, 659, 589, 850, 241, 996, 768, 627, 575, 663, 1108, 227, 944, 766, 522, 294, 707, 632, 871, 946, 727, 580, 603, 675, 334, 385, 302, 221, 1043, 774, 625, 738, 450, 947, 19, 640, 524, 537, 616, 510, 431, 326, 339], [760, 728, 248, 654, 515, 165, 395, 709, 501, 435, 619, 87, 762, 538, 541, 394, 447, 880, 321, 718, 580, 428, 186, 542, 462, 636, 747, 563, 346, 369, 544, 131, 235, 320, 192, 819, 633, 436, 557, 245, 718, 216, 478, 308, 409, 423, 422, 203, 217, 136], [669, 559, 411, 454, 317, 45, 206, 600, 363, 444, 455, 200, 579, 338, 474, 241, 345, 679, 447, 517, 405, 373, 321, 391, 444, 458, 556, 541, 176, 198, 429, 111, 307, 398, 368, 617, 632, 392, 511, 226, 517, 413, 468, 235, 320, 374, 374, 138, 235, 199], [885, 877, 208, 830, 691, 341, 563, 846, 659, 479, 766, 222, 921, 710, 662, 561, 567, 1053, 314, 893, 750, 551, 184, 703, 524, 793, 921, 617, 507, 529, 690, 301, 277, 367, 111, 994, 664, 520, 631, 353, 891, 95, 531, 430, 551, 512, 541, 348, 339, 247], [1244, 467, 887, 775, 728, 629, 521, 1164, 919, 240, 407, 722, 564, 615, 1070, 802, 275, 829, 970, 753, 886, 974, 531, 925, 192, 488, 938, 105, 476, 469, 1001, 680, 440, 962, 613, 827, 145, 216, 93, 408, 717, 807, 186, 368, 915, 232, 976, 479, 819, 513], [972, 69, 900, 398, 412, 540, 299, 882, 659, 502, 42, 690, 146, 275, 854, 574, 272, 405, 943, 348, 571, 791, 660, 643, 446, 81, 560, 462, 322, 299, 747, 607, 577, 890, 744, 409, 554, 388, 393, 465, 306, 874, 469, 386, 715, 378, 799, 462, 724, 562], [759, 330, 641, 319, 236, 276, 32, 675, 434, 434, 231, 429, 350, 157, 610, 328, 223, 489, 676, 344, 391, 533, 465, 434, 402, 227, 468, 473, 73, 54, 520, 341, 405, 620, 537, 443, 575, 334, 418, 283, 330, 630, 430, 223, 461, 315, 540, 238, 454, 345], [1146, 311, 885, 637, 607, 579, 416, 1062, 820, 309, 256, 697, 408, 483, 989, 711, 199, 675, 955, 606, 769, 903, 562, 820, 248, 337, 802, 217, 389, 375, 906, 638, 467, 930, 648, 676, 295, 224, 153, 395, 568, 824, 260, 331, 837, 228, 907, 443, 774, 508], [555, 753, 267, 562, 420, 167, 395, 508, 322, 607, 654, 124, 760, 493, 335, 241, 547, 813, 264, 646, 431, 223, 391, 369, 620, 646, 615, 721, 378, 399, 348, 113, 425, 197, 393, 740, 803, 578, 700, 391, 658, 326, 641, 425, 210, 561, 216, 314, 31, 311], [1106, 320, 832, 615, 574, 527, 376, 1022, 780, 268, 248, 644, 414, 456, 944, 668, 148, 672, 902, 591, 735, 856, 510, 781, 207, 328, 778, 195, 343, 331, 864, 586, 416, 878, 597, 667, 285, 174, 126, 342, 556, 771, 222, 278, 791, 177, 859, 390, 723, 455], [730, 928, 37, 795, 651, 330, 581, 703, 553, 628, 821, 175, 954, 706, 509, 480, 658, 1039, 129, 873, 669, 406, 342, 603, 663, 831, 854, 762, 542, 565, 563, 267, 420, 186, 290, 970, 822, 643, 763, 455, 880, 116, 675, 520, 426, 631, 393, 414, 221, 343], [649, 395, 875, 50, 192, 535, 345, 558, 399, 777, 391, 679, 321, 192, 605, 387, 545, 209, 872, 60, 260, 589, 797, 359, 738, 313, 170, 792, 416, 402, 474, 586, 749, 785, 859, 130, 894, 669, 729, 629, 103, 904, 765, 572, 514, 652, 603, 569, 637, 672], [600, 415, 659, 177, 55, 313, 162, 511, 283, 608, 350, 459, 389, 108, 482, 210, 404, 413, 666, 246, 212, 431, 583, 270, 581, 303, 299, 654, 226, 221, 371, 365, 544, 587, 641, 345, 756, 514, 600, 430, 256, 683, 609, 387, 353, 494, 442, 360, 429, 457], [179, 888, 571, 534, 445, 486, 583, 145, 191, 941, 821, 500, 852, 579, 56, 287, 813, 777, 499, 634, 317, 157, 763, 220, 940, 777, 476, 1034, 612, 623, 105, 466, 785, 396, 768, 694, 1128, 884, 997, 722, 668, 671, 964, 728, 179, 865, 168, 634, 371, 668], [511, 975, 237, 738, 603, 393, 617, 502, 420, 805, 879, 290, 975, 699, 303, 401, 771, 995, 145, 831, 561, 228, 547, 472, 828, 866, 751, 929, 605, 626, 395, 332, 607, 57, 515, 917, 1004, 792, 915, 600, 850, 357, 845, 645, 285, 776, 212, 531, 197, 503], [634, 920, 105, 745, 603, 317, 564, 610, 475, 680, 817, 177, 935, 674, 414, 416, 678, 996, 86, 829, 600, 314, 408, 526, 708, 817, 788, 810, 536, 559, 476, 251, 476, 90, 370, 923, 878, 680, 802, 488, 841, 214, 724, 543, 343, 666, 301, 431, 157, 382], [476, 528, 719, 149, 105, 418, 321, 385, 205, 765, 485, 541, 477, 231, 410, 213, 564, 401, 701, 249, 71, 397, 712, 166, 740, 424, 167, 814, 383, 379, 281, 454, 685, 608, 760, 319, 916, 673, 759, 577, 283, 766, 767, 542, 324, 653, 412, 500, 473, 588], [104, 908, 664, 530, 463, 560, 627, 52, 223, 1009, 850, 587, 862, 601, 147, 339, 865, 758, 592, 627, 315, 248, 846, 231, 1004, 799, 445, 1096, 664, 672, 140, 546, 862, 488, 855, 675, 1192, 946, 1054, 792, 665, 763, 1029, 791, 257, 926, 260, 704, 460, 746], [962, 225, 776, 457, 419, 434, 235, 876, 637, 349, 121, 573, 299, 298, 813, 531, 114, 535, 832, 439, 581, 733, 509, 634, 296, 189, 621, 329, 222, 204, 723, 499, 423, 791, 594, 520, 428, 234, 262, 315, 406, 737, 320, 237, 663, 222, 739, 327, 628, 419], [977, 109, 1020, 365, 436, 655, 404, 886, 689, 668, 202, 809, 31, 311, 895, 629, 436, 273, 1051, 282, 573, 850, 813, 662, 612, 156, 508, 624, 447, 423, 774, 720, 735, 986, 895, 304, 712, 554, 555, 618, 237, 1008, 635, 540, 772, 544, 860, 602, 821, 707], [793, 250, 727, 283, 240, 361, 110, 705, 472, 477, 163, 516, 263, 119, 662, 379, 244, 415, 760, 284, 403, 595, 544, 463, 436, 143, 443, 492, 157, 135, 560, 427, 477, 700, 619, 378, 595, 368, 431, 355, 262, 717, 464, 287, 520, 350, 603, 320, 534, 428], [691, 311, 773, 131, 137, 415, 198, 600, 391, 625, 271, 567, 271, 41, 596, 333, 395, 306, 785, 148, 287, 553, 655, 367, 587, 206, 293, 645, 267, 252, 477, 473, 601, 709, 722, 250, 747, 518, 583, 480, 144, 786, 614, 421, 474, 500, 564, 426, 550, 531], [857, 490, 507, 537, 427, 213, 226, 784, 542, 257, 378, 315, 541, 382, 665, 419, 188, 713, 573, 570, 554, 563, 246, 562, 254, 414, 672, 351, 156, 171, 615, 264, 179, 551, 326, 669, 441, 203, 325, 58, 555, 460, 278, 51, 511, 186, 564, 62, 402, 142], [845, 507, 487, 541, 428, 197, 232, 775, 533, 267, 396, 295, 556, 389, 651, 410, 208, 723, 553, 577, 551, 549, 232, 555, 268, 429, 674, 366, 163, 180, 604, 245, 172, 531, 310, 677, 455, 220, 342, 55, 564, 441, 291, 71, 498, 203, 549, 44, 384, 124], [709, 976, 35, 822, 679, 374, 625, 690, 559, 689, 870, 221, 997, 743, 492, 498, 714, 1071, 73, 904, 683, 396, 402, 610, 723, 877, 871, 823, 590, 613, 559, 308, 481, 154, 348, 999, 883, 702, 823, 513, 914, 160, 736, 576, 427, 690, 382, 468, 237, 402], [321, 698, 756, 297, 277, 523, 485, 231, 182, 919, 660, 613, 640, 407, 328, 277, 731, 510, 714, 389, 117, 365, 827, 132, 899, 597, 196, 979, 541, 541, 202, 540, 815, 612, 861, 428, 1080, 834, 926, 718, 430, 828, 926, 694, 314, 814, 381, 635, 514, 708], [339, 806, 432, 507, 386, 334, 471, 293, 168, 792, 726, 341, 787, 505, 125, 187, 683, 764, 377, 605, 313, 34, 604, 220, 795, 694, 500, 892, 487, 502, 149, 308, 628, 273, 609, 683, 983, 743, 860, 572, 631, 522, 819, 586, 44, 724, 47, 486, 213, 512], [406, 781, 376, 513, 381, 273, 435, 359, 202, 731, 694, 273, 769, 489, 190, 177, 634, 770, 333, 607, 337, 80, 537, 254, 737, 669, 527, 835, 442, 459, 206, 242, 563, 234, 542, 691, 923, 687, 805, 511, 629, 460, 759, 530, 69, 668, 80, 426, 148, 447], [872, 131, 866, 288, 314, 500, 249, 781, 566, 557, 110, 655, 124, 178, 766, 491, 317, 322, 898, 241, 468, 712, 669, 546, 507, 30, 450, 540, 294, 271, 653, 566, 596, 835, 748, 311, 637, 443, 472, 476, 202, 855, 533, 401, 634, 429, 721, 452, 669, 559], [39, 1021, 714, 639, 577, 657, 739, 118, 336, 1111, 965, 666, 975, 714, 208, 448, 975, 859, 630, 735, 426, 320, 932, 345, 1109, 913, 542, 1202, 774, 783, 250, 636, 956, 531, 933, 777, 1297, 1052, 1163, 892, 774, 823, 1134, 896, 350, 1032, 328, 805, 535, 839], [247, 797, 797, 392, 378, 600, 583, 165, 237, 1012, 761, 673, 736, 508, 319, 352, 829, 587, 742, 480, 216, 385, 903, 200, 994, 697, 268, 1075, 636, 638, 217, 609, 898, 638, 931, 507, 1176, 929, 1025, 806, 522, 879, 1021, 786, 352, 909, 400, 721, 563, 788], [688, 718, 248, 606, 464, 122, 370, 637, 431, 484, 611, 39, 743, 501, 470, 328, 462, 840, 298, 676, 516, 357, 256, 473, 505, 620, 688, 606, 331, 354, 472, 68, 293, 276, 264, 775, 682, 470, 593, 278, 679, 252, 523, 329, 337, 455, 351, 216, 150, 183], [841, 894, 152, 821, 680, 333, 568, 806, 629, 525, 784, 197, 933, 710, 618, 537, 595, 1052, 259, 889, 727, 509, 230, 675, 566, 806, 903, 662, 516, 539, 654, 284, 319, 314, 164, 989, 713, 557, 672, 382, 890, 50, 575, 456, 514, 548, 498, 365, 301, 271], [1198, 569, 756, 804, 728, 550, 511, 1125, 881, 97, 484, 612, 658, 637, 1006, 758, 279, 905, 847, 802, 875, 903, 388, 896, 92, 558, 959, 65, 451, 452, 956, 589, 303, 852, 463, 888, 102, 159, 126, 312, 772, 664, 66, 304, 853, 178, 902, 397, 724, 399], [1136, 550, 697, 757, 674, 486, 457, 1063, 820, 37, 457, 549, 635, 591, 943, 697, 237, 872, 786, 761, 818, 839, 332, 837, 43, 528, 910, 101, 395, 398, 894, 525, 244, 789, 411, 850, 166, 111, 134, 248, 733, 609, 22, 243, 789, 128, 838, 333, 660, 335], [624, 403, 641, 207, 91, 288, 126, 537, 303, 572, 330, 437, 385, 106, 496, 217, 370, 433, 653, 268, 244, 437, 551, 294, 546, 290, 334, 620, 190, 185, 391, 343, 509, 578, 610, 368, 722, 478, 566, 395, 273, 659, 573, 351, 360, 458, 447, 326, 417, 425], [287, 718, 701, 329, 282, 486, 476, 195, 129, 899, 672, 565, 666, 417, 269, 238, 722, 557, 656, 425, 121, 305, 790, 86, 883, 613, 250, 966, 526, 530, 141, 497, 784, 553, 819, 474, 1066, 819, 917, 692, 464, 776, 910, 674, 257, 799, 320, 607, 461, 674], [556, 620, 395, 431, 288, 107, 264, 490, 261, 558, 525, 205, 623, 354, 360, 145, 449, 677, 403, 511, 330, 262, 408, 296, 558, 512, 503, 654, 260, 279, 320, 119, 411, 332, 438, 607, 746, 505, 622, 338, 521, 431, 582, 348, 206, 486, 264, 251, 168, 296], [995, 380, 684, 567, 495, 386, 280, 915, 670, 196, 277, 496, 456, 401, 819, 552, 45, 682, 754, 568, 648, 725, 374, 679, 150, 341, 724, 214, 228, 224, 751, 442, 282, 731, 461, 658, 316, 82, 164, 195, 541, 626, 177, 130, 664, 67, 727, 243, 580, 307], [127, 914, 622, 546, 469, 535, 620, 97, 219, 989, 852, 553, 873, 605, 104, 326, 854, 782, 548, 645, 329, 210, 816, 238, 987, 804, 472, 1080, 653, 663, 131, 517, 836, 445, 821, 698, 1174, 930, 1041, 770, 681, 724, 1011, 774, 229, 910, 221, 683, 424, 719], [775, 285, 937, 162, 274, 580, 352, 684, 511, 741, 307, 732, 200, 201, 719, 479, 501, 145, 947, 67, 379, 692, 808, 475, 695, 226, 292, 735, 417, 398, 590, 638, 747, 867, 879, 114, 834, 628, 668, 625, 27, 951, 721, 558, 614, 612, 705, 580, 711, 687], [1072, 523, 648, 702, 615, 423, 399, 999, 756, 49, 424, 492, 603, 537, 879, 633, 193, 829, 734, 711, 757, 776, 293, 774, 48, 489, 853, 149, 335, 339, 830, 464, 200, 732, 376, 803, 228, 71, 154, 186, 686, 567, 64, 180, 726, 81, 775, 270, 600, 279], [951, 677, 419, 726, 605, 297, 421, 891, 664, 242, 567, 296, 736, 578, 738, 545, 346, 913, 512, 766, 710, 627, 58, 696, 284, 610, 850, 379, 352, 370, 722, 307, 37, 527, 145, 867, 435, 281, 390, 146, 754, 331, 292, 223, 595, 275, 622, 196, 423, 108], [913, 208, 1032, 299, 399, 668, 421, 822, 644, 745, 278, 823, 109, 295, 852, 601, 506, 167, 1052, 204, 516, 819, 860, 611, 692, 210, 423, 713, 476, 454, 726, 730, 788, 979, 937, 203, 805, 630, 644, 667, 164, 1033, 716, 593, 741, 617, 831, 639, 818, 746], [498, 505, 685, 157, 65, 375, 276, 407, 203, 719, 455, 501, 462, 201, 411, 184, 521, 414, 673, 254, 97, 385, 667, 174, 695, 398, 209, 770, 337, 335, 286, 413, 639, 582, 715, 334, 872, 628, 716, 531, 282, 727, 722, 496, 309, 608, 398, 454, 441, 542], [325, 679, 695, 293, 242, 462, 439, 233, 120, 866, 632, 550, 628, 378, 289, 215, 686, 526, 655, 390, 82, 311, 766, 70, 849, 574, 226, 931, 491, 494, 157, 477, 756, 554, 798, 443, 1031, 784, 881, 662, 428, 765, 876, 641, 255, 764, 327, 577, 452, 648], [935, 460, 578, 573, 477, 297, 264, 861, 616, 187, 350, 394, 524, 410, 747, 494, 128, 723, 650, 592, 616, 647, 274, 633, 173, 400, 719, 268, 197, 204, 692, 348, 187, 632, 360, 688, 361, 119, 240, 88, 572, 519, 199, 40, 592, 101, 647, 146, 486, 201], [681, 402, 933, 108, 250, 593, 397, 591, 448, 821, 414, 738, 318, 241, 651, 444, 586, 157, 930, 64, 305, 641, 852, 405, 780, 334, 180, 829, 467, 452, 519, 644, 801, 842, 915, 75, 929, 711, 764, 680, 104, 962, 806, 621, 567, 694, 655, 623, 695, 727]], "facilities_distances": [[0, 1002, 737, 615, 560, 661, 730, 92, 326, 1113, 949, 679, 953, 697, 223, 443, 969, 830, 656, 709, 405, 334, 942, 330, 1108, 895, 511, 1200, 768, 776, 244, 644, 962, 556, 947, 748, 1295, 1050, 1159, 894, 749, 843, 1133, 895, 355, 1030, 344, 807, 549, 846], [1002, 0, 965, 408, 445, 604, 358, 911, 697, 565, 111, 755, 99, 309, 897, 619, 339, 372, 1006, 343, 598, 839, 730, 677, 508, 112, 565, 515, 387, 363, 784, 670, 646, 949, 813, 388, 603, 452, 446, 534, 299, 942, 529, 455, 762, 443, 848, 530, 783, 631], [737, 965, 0, 826, 683, 366, 617, 715, 575, 660, 858, 211, 990, 740, 518, 507, 695, 1072, 108, 905, 695, 419, 371, 625, 697, 867, 881, 795, 579, 602, 580, 302, 453, 184, 314, 1002, 854, 678, 797, 491, 914, 124, 708, 556, 446, 666, 406, 450, 246, 379], [615, 408, 826, 0, 143, 490, 312, 523, 353, 751, 390, 632, 343, 166, 560, 338, 525, 258, 822, 100, 217, 541, 757, 315, 716, 317, 165, 775, 382, 370, 430, 539, 713, 735, 817, 179, 877, 647, 713, 594, 135, 857, 743, 541, 465, 629, 554, 531, 588, 632], [560, 445, 683, 143, 0, 350, 217, 470, 254, 663, 390, 489, 408, 138, 459, 205, 459, 395, 681, 228, 163, 420, 630, 232, 636, 336, 246, 709, 281, 276, 340, 397, 595, 597, 685, 320, 811, 569, 654, 483, 247, 715, 664, 442, 342, 549, 432, 410, 446, 505], [661, 604, 366, 490, 350, 0, 251, 597, 367, 458, 500, 155, 624, 380, 458, 248, 379, 720, 403, 556, 424, 353, 304, 400, 464, 503, 584, 563, 219, 242, 426, 66, 304, 357, 342, 657, 650, 416, 537, 238, 559, 371, 486, 261, 307, 398, 352, 154, 196, 189], [730, 358, 617, 312, 217, 251, 0, 647, 404, 447, 262, 406, 373, 157, 578, 297, 246, 496, 650, 346, 367, 502, 458, 406, 420, 253, 455, 494, 70, 60, 490, 316, 404, 591, 527, 447, 596, 352, 442, 283, 335, 611, 447, 230, 430, 332, 508, 229, 425, 336], [92, 911, 715, 523, 470, 597, 647, 0, 245, 1041, 860, 632, 861, 607, 199, 366, 888, 741, 644, 618, 314, 298, 888, 243, 1034, 805, 423, 1123, 687, 695, 171, 587, 900, 540, 899, 659, 1220, 973, 1080, 825, 658, 813, 1059, 821, 300, 954, 310, 737, 507, 785], [326, 697, 575, 353, 254, 367, 404, 245, 0, 799, 632, 437, 662, 388, 208, 123, 644, 606, 535, 453, 146, 199, 668, 52, 789, 586, 332, 878, 442, 450, 88, 372, 669, 434, 693, 523, 975, 728, 834, 585, 484, 648, 815, 577, 136, 708, 214, 498, 333, 556], [1113, 565, 660, 751, 663, 458, 447, 1041, 799, 0, 469, 516, 647, 586, 916, 676, 241, 877, 750, 760, 803, 811, 295, 818, 62, 536, 902, 139, 382, 388, 871, 495, 208, 755, 374, 852, 198, 115, 166, 220, 735, 572, 54, 225, 764, 129, 810, 307, 629, 302], [949, 111, 858, 390, 390, 500, 262, 860, 632, 469, 0, 649, 179, 254, 825, 543, 234, 425, 902, 350, 551, 758, 619, 620, 414, 81, 554, 437, 281, 258, 721, 566, 537, 850, 702, 420, 532, 354, 368, 423, 312, 831, 438, 344, 683, 343, 765, 419, 685, 520], [679, 755, 211, 632, 489, 155, 406, 632, 437, 516, 649, 0, 779, 533, 458, 340, 501, 870, 260, 705, 531, 345, 273, 481, 539, 656, 707, 640, 369, 392, 471, 94, 320, 241, 269, 804, 714, 506, 629, 314, 710, 226, 556, 366, 333, 491, 338, 254, 132, 214], [953, 99, 990, 343, 408, 624, 373, 861, 662, 647, 179, 779, 0, 281, 867, 599, 412, 273, 1020, 264, 548, 820, 786, 635, 592, 127, 490, 608, 417, 393, 747, 689, 708, 955, 866, 295, 698, 533, 538, 590, 219, 978, 615, 513, 742, 521, 831, 573, 790, 678], [697, 309, 740, 166, 138, 380, 157, 607, 388, 586, 254, 533, 281, 0, 590, 318, 360, 344, 757, 189, 297, 539, 614, 369, 550, 199, 325, 610, 226, 211, 476, 439, 560, 684, 682, 290, 712, 481, 549, 439, 181, 750, 577, 381, 461, 463, 549, 385, 522, 491], [223, 897, 518, 560, 459, 458, 578, 199, 208, 916, 825, 458, 867, 590, 0, 283, 800, 808, 445, 659, 346, 113, 726, 246, 919, 785, 515, 1015, 601, 614, 133, 432, 752, 341, 726, 725, 1106, 865, 980, 696, 691, 621, 942, 708, 155, 846, 121, 610, 327, 636], [443, 619, 507, 338, 205, 248, 297, 366, 123, 676, 543, 340, 599, 318, 283, 0, 528, 595, 489, 431, 191, 221, 552, 151, 667, 507, 374, 757, 326, 336, 199, 263, 548, 398, 584, 517, 854, 607, 716, 462, 452, 562, 693, 455, 143, 588, 232, 375, 261, 437], [969, 339, 695, 525, 459, 379, 246, 888, 644, 241, 234, 501, 412, 360, 800, 528, 0, 637, 760, 524, 614, 709, 402, 650, 194, 296, 683, 251, 202, 194, 726, 439, 313, 731, 488, 613, 354, 127, 195, 213, 496, 644, 221, 140, 646, 112, 713, 247, 575, 324], [830, 372, 1072, 258, 395, 720, 496, 741, 606, 877, 425, 870, 273, 344, 808, 595, 637, 0, 1076, 167, 462, 797, 953, 563, 829, 347, 319, 861, 562, 543, 676, 776, 892, 991, 1024, 83, 957, 763, 792, 769, 162, 1091, 854, 701, 722, 749, 811, 725, 840, 832], [656, 1006, 108, 822, 681, 403, 650, 644, 535, 750, 902, 260, 1020, 757, 445, 489, 760, 1076, 0, 909, 668, 358, 469, 588, 782, 903, 857, 883, 622, 644, 525, 336, 544, 105, 418, 1001, 946, 757, 879, 566, 922, 232, 796, 624, 400, 744, 343, 513, 236, 457], [709, 343, 905, 100, 228, 556, 346, 618, 453, 760, 350, 705, 264, 189, 659, 431, 524, 167, 909, 0, 317, 639, 803, 415, 718, 271, 226, 766, 415, 398, 530, 611, 748, 825, 869, 102, 866, 650, 700, 627, 45, 927, 745, 565, 562, 633, 652, 574, 672, 679], [405, 598, 695, 217, 163, 424, 367, 314, 146, 803, 551, 531, 548, 297, 346, 191, 614, 462, 668, 317, 0, 345, 726, 100, 783, 492, 190, 861, 424, 424, 214, 450, 707, 570, 766, 379, 962, 717, 809, 606, 352, 753, 810, 578, 277, 697, 360, 524, 449, 604], [334, 839, 419, 541, 420, 353, 502, 298, 199, 811, 758, 345, 820, 539, 113, 221, 709, 797, 358, 639, 345, 0, 613, 250, 817, 727, 531, 914, 515, 530, 168, 322, 642, 253, 613, 716, 1003, 766, 884, 591, 665, 515, 839, 609, 78, 747, 16, 506, 215, 526], [942, 730, 371, 757, 630, 304, 458, 888, 668, 295, 619, 273, 786, 614, 726, 552, 402, 953, 469, 803, 726, 613, 0, 703, 340, 659, 874, 433, 392, 411, 720, 301, 95, 492, 87, 904, 483, 339, 447, 196, 793, 277, 346, 274, 589, 333, 607, 229, 403, 126], [330, 677, 625, 315, 232, 400, 406, 243, 52, 818, 620, 481, 635, 369, 246, 151, 650, 563, 588, 415, 100, 250, 703, 0, 804, 568, 281, 890, 451, 456, 115, 411, 698, 487, 733, 479, 989, 742, 843, 609, 448, 695, 831, 594, 188, 722, 265, 523, 382, 588], [1108, 508, 697, 716, 636, 464, 420, 1034, 789, 62, 414, 539, 592, 550, 919, 667, 194, 829, 782, 718, 783, 817, 340, 804, 0, 484, 870, 102, 359, 361, 865, 508, 247, 779, 422, 807, 188, 69, 109, 229, 691, 615, 28, 213, 764, 88, 816, 311, 645, 326], [895, 112, 867, 317, 336, 503, 253, 805, 586, 536, 81, 656, 127, 199, 785, 507, 296, 347, 903, 271, 492, 727, 659, 568, 484, 0, 480, 514, 291, 268, 674, 569, 583, 843, 739, 339, 611, 421, 446, 464, 231, 852, 509, 387, 650, 408, 736, 446, 677, 551], [511, 565, 881, 165, 246, 584, 455, 423, 332, 902, 554, 707, 490, 325, 515, 374, 683, 319, 857, 226, 190, 531, 874, 281, 870, 480, 0, 934, 523, 515, 383, 620, 841, 760, 924, 239, 1037, 801, 874, 728, 270, 932, 898, 684, 465, 782, 546, 656, 635, 749], [1200, 515, 795, 775, 709, 563, 494, 1123, 878, 139, 437, 640, 608, 610, 1015, 757, 251, 861, 883, 766, 861, 914, 433, 890, 102, 514, 934, 0, 440, 437, 956, 608, 344, 881, 512, 849, 102, 150, 69, 330, 734, 710, 87, 306, 860, 170, 914, 410, 745, 428], [768, 387, 579, 382, 281, 219, 70, 687, 442, 382, 281, 369, 417, 226, 601, 326, 202, 562, 622, 415, 424, 515, 392, 451, 359, 291, 523, 440, 0, 23, 525, 286, 334, 573, 464, 515, 540, 293, 392, 213, 402, 562, 386, 161, 448, 273, 519, 164, 409, 272], [776, 363, 602, 370, 276, 242, 60, 695, 450, 388, 258, 392, 393, 211, 614, 336, 194, 543, 644, 398, 424, 530, 411, 456, 361, 268, 515, 437, 23, 0, 534, 308, 351, 595, 485, 498, 539, 293, 387, 229, 384, 585, 388, 171, 462, 274, 535, 185, 430, 293], [244, 784, 580, 430, 340, 426, 490, 171, 88, 871, 721, 471, 747, 476, 133, 199, 726, 676, 525, 530, 214, 168, 720, 115, 865, 674, 383, 956, 525, 534, 0, 419, 730, 421, 736, 593, 1052, 806, 915, 655, 563, 666, 890, 652, 139, 786, 184, 567, 352, 614], [644, 670, 302, 539, 397, 66, 316, 587, 372, 495, 566, 94, 689, 439, 432, 263, 439, 776, 336, 611, 450, 322, 301, 411, 508, 569, 620, 608, 286, 308, 419, 0, 321, 293, 322, 710, 691, 465, 587, 278, 616, 318, 528, 314, 289, 448, 318, 201, 139, 204], [962, 646, 453, 713, 595, 304, 404, 900, 669, 208, 537, 320, 708, 560, 752, 548, 313, 892, 544, 748, 707, 642, 95, 698, 247, 583, 841, 344, 334, 351, 730, 321, 0, 555, 181, 848, 402, 244, 353, 122, 734, 368, 256, 195, 607, 239, 638, 185, 443, 117], [556, 949, 184, 735, 597, 357, 591, 540, 434, 755, 850, 241, 955, 684, 341, 398, 731, 991, 105, 825, 570, 253, 492, 487, 779, 843, 760, 881, 573, 595, 421, 293, 555, 0, 459, 915, 953, 746, 869, 554, 842, 302, 796, 602, 299, 731, 238, 488, 166, 454], [947, 813, 314, 817, 685, 342, 527, 899, 693, 374, 702, 269, 866, 682, 726, 584, 488, 1024, 418, 869, 766, 613, 87, 733, 422, 739, 924, 512, 464, 485, 736, 322, 181, 459, 0, 971, 555, 425, 531, 280, 862, 206, 427, 358, 600, 420, 605, 300, 399, 192], [748, 388, 1002, 179, 320, 657, 447, 659, 523, 852, 420, 804, 295, 290, 725, 517, 613, 83, 1001, 102, 379, 716, 904, 479, 807, 339, 239, 849, 515, 498, 593, 710, 848, 915, 971, 0, 947, 740, 782, 726, 117, 1027, 834, 663, 642, 724, 730, 675, 766, 781], [1295, 603, 854, 877, 811, 650, 596, 1220, 975, 198, 532, 714, 698, 712, 1106, 854, 354, 957, 946, 866, 962, 1003, 483, 989, 188, 611, 1037, 102, 540, 539, 1052, 691, 402, 953, 555, 947, 0, 248, 166, 413, 834, 758, 164, 400, 952, 268, 1003, 497, 826, 500], [1050, 452, 678, 647, 569, 416, 352, 973, 728, 115, 354, 506, 533, 481, 865, 607, 127, 763, 757, 650, 717, 766, 339, 742, 69, 421, 801, 150, 293, 293, 806, 465, 244, 746, 425, 740, 248, 0, 123, 192, 623, 607, 96, 157, 710, 20, 766, 264, 603, 300], [1159, 446, 797, 713, 654, 537, 442, 1080, 834, 166, 368, 629, 538, 549, 980, 716, 195, 792, 879, 700, 809, 884, 447, 843, 109, 446, 874, 69, 392, 387, 915, 587, 353, 869, 531, 782, 166, 123, 0, 315, 668, 721, 113, 276, 825, 139, 885, 386, 726, 422], [894, 534, 491, 594, 483, 238, 283, 825, 585, 220, 423, 314, 590, 439, 696, 462, 213, 769, 566, 627, 606, 591, 196, 609, 229, 464, 728, 330, 213, 229, 655, 278, 122, 554, 280, 726, 413, 192, 315, 0, 612, 432, 250, 79, 544, 178, 590, 88, 415, 113], [749, 299, 914, 135, 247, 559, 335, 658, 484, 735, 312, 710, 219, 181, 691, 452, 496, 162, 922, 45, 352, 665, 793, 448, 691, 231, 270, 734, 402, 384, 563, 616, 734, 842, 862, 117, 834, 623, 668, 612, 0, 930, 717, 547, 587, 607, 677, 564, 686, 671], [843, 942, 124, 857, 715, 371, 611, 813, 648, 572, 831, 226, 978, 750, 621, 562, 644, 1091, 232, 927, 753, 515, 277, 695, 615, 852, 932, 710, 562, 585, 666, 318, 368, 302, 206, 1027, 758, 607, 721, 432, 930, 0, 623, 505, 528, 598, 503, 412, 316, 320], [1133, 529, 708, 743, 664, 486, 447, 1059, 815, 54, 438, 556, 615, 577, 942, 693, 221, 854, 796, 745, 810, 839, 346, 831, 28, 509, 898, 87, 386, 388, 890, 528, 256, 796, 427, 834, 164, 96, 113, 250, 717, 623, 0, 238, 788, 115, 839, 333, 664, 342], [895, 455, 556, 541, 442, 261, 230, 821, 577, 225, 344, 366, 513, 381, 708, 455, 140, 701, 624, 565, 578, 609, 274, 594, 213, 387, 684, 306, 161, 171, 652, 314, 195, 602, 358, 663, 400, 157, 276, 79, 547, 505, 238, 0, 553, 138, 610, 113, 452, 185], [355, 762, 446, 465, 342, 307, 430, 300, 136, 764, 683, 333, 742, 461, 155, 143, 646, 722, 400, 562, 277, 78, 589, 188, 764, 650, 465, 860, 448, 462, 139, 289, 607, 299, 600, 642, 952, 710, 825, 544, 587, 528, 788, 553, 0, 691, 90, 457, 213, 490], [1030, 443, 666, 629, 549, 398, 332, 954, 708, 129, 343, 491, 521, 463, 846, 588, 112, 749, 744, 633, 697, 747, 333, 722, 88, 408, 782, 170, 273, 274, 786, 448, 239, 731, 420, 724, 268, 20, 139, 178, 607, 598, 115, 138, 691, 0, 748, 247, 587, 288], [344, 848, 406, 554, 432, 352, 508, 310, 214, 810, 765, 338, 831, 549, 121, 232, 713, 811, 343, 652, 360, 16, 607, 265, 816, 736, 546, 914, 519, 535, 184, 318, 638, 238, 605, 730, 1003, 766, 885, 590, 677, 503, 839, 610, 90, 748, 0, 506, 207, 522], [807, 530, 450, 531, 410, 154, 229, 737, 498, 307, 419, 254, 573, 385, 610, 375, 247, 725, 513, 574, 524, 506, 229, 523, 311, 446, 656, 410, 164, 185, 567, 201, 185, 488, 300, 675, 497, 264, 386, 88, 564, 412, 333, 113, 457, 247, 506, 0, 340, 108], [549, 783, 246, 588, 446, 196, 425, 507, 333, 629, 685, 132, 790, 522, 327, 261, 575, 840, 236, 672, 449, 215, 403, 382, 645, 677, 635, 745, 409, 430, 352, 139, 443, 166, 399, 766, 826, 603, 726, 415, 686, 316, 664, 452, 213, 587, 207, 340, 0, 330], [846, 631, 379, 632, 505, 189, 336, 785, 556, 302, 520, 214, 678, 491, 636, 437, 324, 832, 457, 679, 604, 526, 126, 588, 326, 551, 749, 428, 272, 293, 614, 204, 117, 454, 192, 781, 500, 300, 422, 113, 671, 320, 342, 185, 490, 288, 522, 108, 330, 0]]}