{"n": 50, "m": 50, "facilities": [{"i": 0, "x": 669, "y": 249}, {"i": 1, "x": 381, "y": 557}, {"i": 2, "x": 641, "y": 340}, {"i": 3, "x": 203, "y": 697}, {"i": 4, "x": 493, "y": 777}, {"i": 5, "x": 645, "y": 505}, {"i": 6, "x": 293, "y": 703}, {"i": 7, "x": 146, "y": 898}, {"i": 8, "x": 58, "y": 992}, {"i": 9, "x": 960, "y": 922}, {"i": 10, "x": 107, "y": 945}, {"i": 11, "x": 528, "y": 166}, {"i": 12, "x": 60, "y": 726}, {"i": 13, "x": 582, "y": 680}, {"i": 14, "x": 350, "y": 294}, {"i": 15, "x": 283, "y": 118}, {"i": 16, "x": 666, "y": 191}, {"i": 17, "x": 695, "y": 62}, {"i": 18, "x": 903, "y": 808}, {"i": 19, "x": 302, "y": 866}, {"i": 20, "x": 741, "y": 868}, {"i": 21, "x": 364, "y": 817}, {"i": 22, "x": 792, "y": 794}, {"i": 23, "x": 226, "y": 633}, {"i": 24, "x": 793, "y": 378}, {"i": 25, "x": 861, "y": 460}, {"i": 26, "x": 507, "y": 789}, {"i": 27, "x": 550, "y": 223}, {"i": 28, "x": 53, "y": 689}, {"i": 29, "x": 518, "y": 118}, {"i": 30, "x": 29, "y": 231}, {"i": 31, "x": 824, "y": 813}, {"i": 32, "x": 108, "y": 317}, {"i": 33, "x": 956, "y": 618}, {"i": 34, "x": 617, "y": 581}, {"i": 35, "x": 327, "y": 873}, {"i": 36, "x": 212, "y": 471}, {"i": 37, "x": 910, "y": 483}, {"i": 38, "x": 488, "y": 104}, {"i": 39, "x": 672, "y": 932}, {"i": 40, "x": 728, "y": 744}, {"i": 41, "x": 767, "y": 553}, {"i": 42, "x": 38, "y": 810}, {"i": 43, "x": 959, "y": 790}, {"i": 44, "x": 490, "y": 784}, {"i": 45, "x": 633, "y": 961}, {"i": 46, "x": 676, "y": 877}, {"i": 47, "x": 813, "y": 77}, {"i": 48, "x": 80, "y": 382}, {"i": 49, "x": 512, "y": 61}], "users": [{"i": 0, "x": 12, "y": 141}, {"i": 1, "x": 87, "y": 211}, {"i": 2, "x": 650, "y": 687}, {"i": 3, "x": 80, "y": 940}, {"i": 4, "x": 92, "y": 405}, {"i": 5, "x": 786, "y": 190}, {"i": 6, "x": 237, "y": 524}, {"i": 7, "x": 30, "y": 942}, {"i": 8, "x": 749, "y": 778}, {"i": 9, "x": 205, "y": 837}, {"i": 10, "x": 949, "y": 507}, {"i": 11, "x": 675, "y": 597}, {"i": 12, "x": 653, "y": 902}, {"i": 13, "x": 32, "y": 51}, {"i": 14, "x": 108, "y": 535}, {"i": 15, "x": 776, "y": 216}, {"i": 16, "x": 144, "y": 924}, {"i": 17, "x": 320, "y": 741}, {"i": 18, "x": 325, "y": 60}, {"i": 19, "x": 646, "y": 936}, {"i": 20, "x": 895, "y": 804}, {"i": 21, "x": 295, "y": 553}, {"i": 22, "x": 276, "y": 155}, {"i": 23, "x": 308, "y": 669}, {"i": 24, "x": 485, "y": 674}, {"i": 25, "x": 926, "y": 160}, {"i": 26, "x": 30, "y": 206}, {"i": 27, "x": 252, "y": 383}, {"i": 28, "x": 449, "y": 934}, {"i": 29, "x": 45, "y": 179}, {"i": 30, "x": 346, "y": 912}, {"i": 31, "x": 467, "y": 555}, {"i": 32, "x": 984, "y": 314}, {"i": 33, "x": 466, "y": 651}, {"i": 34, "x": 647, "y": 943}, {"i": 35, "x": 601, "y": 714}, {"i": 36, "x": 362, "y": 203}, {"i": 37, "x": 919, "y": 572}, {"i": 38, "x": 490, "y": 785}, {"i": 39, "x": 803, "y": 949}, {"i": 40, "x": 39, "y": 226}, {"i": 41, "x": 721, "y": 733}, {"i": 42, "x": 474, "y": 154}, {"i": 43, "x": 332, "y": 235}, {"i": 44, "x": 776, "y": 288}, {"i": 45, "x": 133, "y": 645}, {"i": 46, "x": 580, "y": 474}, {"i": 47, "x": 968, "y": 284}, {"i": 48, "x": 420, "y": 909}, {"i": 49, "x": 832, "y": 771}], "distances": [[666, 556, 660, 588, 797, 730, 628, 769, 852, 1228, 810, 517, 587, 784, 371, 272, 656, 688, 1113, 781, 1030, 762, 1017, 537, 816, 907, 815, 544, 550, 507, 92, 1054, 200, 1058, 748, 797, 386, 961, 477, 1030, 936, 860, 670, 1148, 801, 1029, 991, 804, 250, 506], [583, 454, 569, 500, 697, 631, 533, 690, 782, 1126, 734, 443, 516, 682, 276, 217, 579, 626, 1011, 689, 927, 666, 915, 444, 725, 813, 714, 463, 479, 441, 61, 952, 108, 960, 646, 704, 288, 867, 415, 928, 834, 761, 601, 1047, 701, 928, 889, 738, 171, 451], [438, 299, 347, 447, 181, 182, 357, 546, 666, 389, 601, 535, 591, 68, 494, 677, 496, 627, 280, 391, 203, 314, 178, 427, 340, 310, 176, 475, 597, 584, 770, 215, 656, 314, 111, 373, 488, 330, 605, 246, 97, 178, 624, 326, 187, 275, 192, 631, 646, 641], [908, 487, 821, 272, 444, 713, 319, 78, 56, 880, 27, 894, 215, 565, 700, 847, 951, 1072, 834, 234, 665, 309, 727, 340, 908, 917, 453, 857, 252, 931, 711, 755, 624, 933, 646, 256, 487, 947, 930, 592, 677, 789, 137, 892, 439, 553, 599, 1132, 558, 979], [598, 327, 553, 312, 547, 562, 359, 496, 588, 1010, 540, 497, 323, 562, 281, 345, 613, 694, 906, 507, 797, 494, 801, 264, 702, 771, 565, 493, 287, 514, 185, 838, 89, 890, 554, 524, 137, 822, 497, 784, 721, 691, 409, 949, 550, 776, 751, 792, 26, 543], [131, 547, 209, 773, 656, 345, 711, 954, 1083, 752, 1015, 259, 902, 531, 448, 508, 120, 157, 629, 831, 679, 756, 604, 714, 188, 280, 661, 238, 887, 278, 758, 624, 690, 461, 426, 823, 639, 318, 310, 751, 557, 363, 972, 624, 664, 786, 696, 116, 732, 303], [512, 148, 444, 176, 360, 408, 188, 385, 501, 825, 441, 461, 269, 379, 256, 409, 543, 651, 724, 348, 610, 319, 617, 110, 575, 627, 378, 434, 247, 494, 359, 654, 244, 725, 384, 360, 59, 674, 489, 596, 538, 531, 348, 769, 363, 590, 563, 729, 212, 539], [943, 521, 858, 300, 492, 754, 355, 124, 57, 930, 77, 922, 218, 611, 723, 862, 984, 1103, 883, 282, 715, 357, 776, 366, 949, 961, 501, 887, 254, 958, 711, 804, 630, 981, 689, 305, 505, 993, 955, 642, 726, 833, 132, 941, 486, 603, 649, 1167, 562, 1004], [535, 429, 451, 552, 256, 292, 462, 615, 723, 255, 663, 651, 691, 194, 627, 808, 593, 718, 157, 456, 90, 387, 46, 543, 402, 337, 242, 590, 702, 699, 904, 83, 790, 262, 237, 433, 619, 336, 723, 172, 40, 226, 712, 210, 259, 217, 123, 704, 777, 755], [749, 331, 661, 140, 294, 551, 160, 85, 214, 760, 146, 745, 183, 408, 562, 723, 794, 917, 699, 101, 537, 160, 589, 205, 746, 757, 306, 704, 212, 784, 631, 619, 529, 782, 485, 127, 366, 789, 786, 477, 531, 630, 169, 755, 290, 446, 473, 973, 472, 835], [381, 570, 350, 770, 530, 304, 685, 893, 1014, 415, 949, 542, 916, 406, 636, 771, 424, 512, 304, 740, 417, 662, 327, 734, 202, 100, 524, 490, 914, 581, 961, 331, 862, 111, 340, 722, 738, 46, 612, 507, 324, 188, 960, 283, 536, 553, 460, 451, 878, 624], [348, 297, 259, 482, 256, 97, 396, 609, 733, 432, 666, 455, 628, 125, 444, 619, 406, 535, 311, 460, 279, 381, 229, 450, 249, 231, 255, 394, 629, 504, 742, 262, 632, 282, 60, 444, 480, 261, 527, 335, 156, 102, 672, 343, 263, 366, 280, 538, 633, 560], [653, 439, 562, 494, 203, 397, 411, 507, 602, 308, 548, 747, 619, 233, 679, 867, 711, 841, 267, 353, 94, 301, 176, 505, 542, 488, 185, 687, 637, 796, 916, 193, 800, 415, 323, 327, 617, 492, 815, 36, 175, 367, 622, 326, 201, 62, 34, 840, 774, 853], [667, 615, 674, 668, 860, 763, 702, 855, 941, 1273, 897, 509, 676, 836, 400, 260, 649, 663, 1154, 859, 1082, 835, 1063, 613, 828, 924, 878, 546, 638, 491, 180, 1099, 277, 1084, 789, 873, 457, 979, 459, 1089, 982, 890, 759, 1186, 864, 1091, 1047, 781, 334, 480], [630, 274, 568, 188, 455, 538, 250, 365, 460, 936, 410, 559, 197, 496, 342, 452, 656, 754, 841, 384, 715, 381, 731, 153, 703, 757, 473, 541, 164, 585, 314, 768, 218, 852, 511, 403, 122, 804, 575, 690, 654, 659, 284, 888, 456, 676, 663, 841, 156, 623], [112, 522, 183, 748, 628, 317, 686, 928, 1057, 730, 989, 253, 879, 503, 433, 503, 113, 174, 605, 804, 653, 729, 578, 690, 163, 258, 633, 226, 864, 276, 747, 599, 676, 440, 398, 796, 619, 299, 309, 724, 530, 337, 947, 602, 636, 759, 669, 144, 716, 306], [855, 437, 767, 235, 379, 653, 267, 26, 110, 816, 43, 850, 215, 501, 663, 818, 900, 1023, 768, 168, 600, 245, 661, 302, 848, 854, 387, 810, 252, 889, 702, 689, 608, 868, 584, 190, 458, 884, 889, 528, 611, 725, 156, 826, 373, 490, 534, 1079, 546, 938], [603, 194, 514, 125, 177, 402, 47, 234, 363, 665, 295, 611, 260, 269, 448, 624, 650, 776, 587, 126, 440, 88, 475, 143, 596, 610, 193, 567, 272, 654, 587, 509, 474, 648, 337, 132, 291, 644, 659, 400, 408, 485, 290, 641, 175, 383, 381, 827, 432, 707], [393, 500, 422, 649, 736, 548, 644, 857, 969, 1071, 911, 229, 717, 671, 235, 72, 365, 370, 945, 806, 909, 758, 870, 581, 566, 669, 751, 278, 685, 202, 342, 903, 336, 842, 597, 813, 426, 722, 169, 939, 794, 662, 803, 967, 743, 952, 889, 488, 405, 187], [687, 462, 596, 503, 221, 431, 423, 501, 591, 314, 539, 779, 622, 264, 707, 895, 745, 875, 287, 351, 117, 306, 204, 518, 577, 522, 202, 719, 642, 828, 937, 216, 820, 444, 356, 325, 636, 524, 847, 26, 209, 402, 621, 345, 218, 28, 66, 875, 792, 885], [599, 570, 529, 700, 403, 390, 610, 755, 858, 135, 801, 736, 839, 337, 746, 919, 654, 768, 9, 596, 167, 531, 103, 691, 438, 346, 388, 676, 850, 783, 1038, 72, 925, 196, 356, 572, 760, 321, 810, 257, 177, 282, 857, 66, 405, 305, 231, 732, 918, 836], [482, 86, 406, 171, 299, 353, 150, 376, 499, 761, 435, 452, 292, 314, 265, 435, 518, 633, 659, 313, 546, 273, 552, 106, 528, 574, 317, 417, 278, 489, 418, 589, 301, 664, 323, 322, 117, 619, 489, 535, 473, 472, 363, 705, 302, 530, 500, 703, 275, 538], [404, 415, 409, 547, 659, 509, 548, 754, 865, 1028, 808, 252, 610, 608, 157, 38, 392, 429, 905, 711, 851, 668, 821, 481, 563, 660, 675, 282, 579, 245, 258, 856, 233, 823, 546, 720, 322, 714, 218, 872, 742, 632, 697, 933, 664, 882, 825, 543, 300, 254], [554, 134, 468, 109, 214, 375, 37, 281, 408, 699, 341, 549, 254, 274, 377, 552, 597, 720, 611, 197, 477, 158, 500, 90, 566, 591, 232, 507, 256, 590, 519, 536, 405, 650, 321, 205, 220, 630, 593, 449, 427, 473, 305, 662, 215, 437, 423, 778, 367, 641], [463, 157, 369, 283, 103, 233, 194, 406, 532, 536, 465, 510, 428, 97, 403, 592, 516, 647, 439, 265, 321, 187, 330, 262, 427, 433, 117, 456, 432, 557, 636, 366, 519, 474, 161, 254, 340, 466, 570, 319, 253, 307, 467, 488, 110, 323, 279, 681, 499, 614], [272, 674, 337, 901, 754, 445, 834, 1074, 1202, 763, 1134, 398, 1035, 623, 591, 644, 262, 251, 648, 942, 732, 865, 648, 845, 255, 307, 756, 381, 1021, 410, 900, 661, 833, 459, 522, 931, 779, 323, 442, 813, 617, 424, 1100, 631, 761, 853, 759, 140, 875, 426], [640, 496, 626, 521, 735, 684, 562, 702, 786, 1174, 743, 500, 521, 728, 332, 268, 636, 680, 1060, 714, 971, 696, 962, 470, 782, 869, 753, 520, 484, 496, 25, 999, 136, 1014, 697, 730, 321, 923, 469, 969, 881, 815, 604, 1097, 739, 966, 931, 794, 183, 503], [438, 217, 391, 318, 462, 412, 323, 526, 639, 890, 580, 351, 393, 444, 132, 267, 456, 547, 777, 486, 689, 448, 679, 251, 541, 614, 479, 338, 365, 375, 270, 716, 158, 742, 415, 496, 97, 666, 365, 691, 597, 542, 478, 816, 466, 692, 651, 639, 172, 414], [719, 383, 624, 342, 163, 472, 279, 305, 395, 511, 342, 772, 441, 287, 648, 833, 774, 906, 471, 162, 299, 145, 370, 375, 654, 628, 156, 718, 466, 819, 819, 394, 705, 597, 391, 136, 520, 645, 831, 223, 338, 496, 429, 530, 156, 186, 234, 931, 664, 875], [628, 506, 617, 542, 747, 683, 580, 726, 813, 1179, 769, 483, 547, 734, 326, 246, 621, 660, 1064, 733, 979, 713, 968, 489, 774, 863, 765, 507, 510, 477, 54, 1004, 152, 1011, 699, 749, 336, 917, 449, 980, 886, 813, 631, 1099, 751, 978, 941, 775, 206, 482], [737, 357, 644, 258, 200, 505, 216, 200, 299, 614, 241, 768, 341, 331, 618, 796, 789, 919, 567, 64, 397, 97, 461, 304, 696, 685, 203, 719, 368, 812, 751, 488, 641, 677, 428, 43, 461, 709, 820, 327, 417, 553, 324, 625, 193, 291, 332, 957, 593, 867], [367, 86, 277, 300, 224, 185, 228, 470, 599, 615, 531, 394, 441, 170, 286, 474, 415, 543, 504, 352, 416, 282, 403, 253, 371, 405, 237, 342, 435, 440, 545, 440, 431, 493, 152, 347, 268, 449, 451, 429, 322, 300, 499, 545, 230, 439, 384, 590, 424, 496], [322, 650, 344, 870, 675, 389, 793, 1021, 1148, 608, 1080, 479, 1012, 544, 634, 728, 341, 383, 501, 877, 605, 798, 517, 822, 201, 191, 673, 443, 1004, 506, 959, 524, 876, 305, 454, 863, 788, 184, 539, 692, 500, 323, 1068, 477, 682, 736, 642, 292, 907, 536], [450, 127, 357, 267, 129, 231, 181, 404, 532, 563, 464, 489, 413, 120, 375, 564, 502, 632, 464, 270, 350, 195, 356, 241, 426, 439, 144, 436, 415, 536, 606, 393, 490, 491, 166, 262, 311, 475, 547, 348, 278, 317, 457, 512, 135, 352, 309, 671, 470, 592], [694, 469, 603, 508, 226, 438, 428, 503, 591, 314, 540, 786, 626, 271, 714, 902, 752, 882, 289, 353, 120, 310, 208, 523, 584, 528, 208, 727, 646, 835, 943, 220, 826, 448, 363, 328, 642, 530, 854, 27, 215, 408, 623, 347, 223, 23, 72, 882, 798, 892], [470, 270, 376, 398, 125, 214, 308, 491, 610, 415, 545, 553, 541, 39, 489, 676, 527, 659, 316, 335, 208, 258, 207, 384, 387, 363, 120, 494, 549, 602, 749, 244, 633, 368, 134, 317, 459, 386, 620, 229, 130, 231, 571, 366, 131, 249, 179, 671, 618, 659], [310, 355, 311, 519, 589, 414, 505, 728, 846, 935, 785, 170, 604, 525, 92, 116, 304, 362, 812, 666, 765, 614, 731, 451, 465, 561, 604, 189, 576, 178, 334, 765, 278, 725, 456, 671, 307, 615, 160, 792, 653, 535, 688, 837, 595, 805, 744, 468, 334, 207], [408, 538, 362, 727, 473, 282, 640, 839, 958, 352, 894, 564, 873, 354, 633, 781, 457, 557, 237, 683, 345, 607, 256, 696, 231, 126, 466, 508, 874, 606, 953, 259, 850, 59, 302, 664, 714, 89, 636, 437, 257, 153, 913, 222, 479, 483, 390, 506, 860, 653], [565, 253, 470, 300, 9, 320, 213, 362, 479, 490, 415, 620, 434, 140, 511, 698, 620, 752, 414, 205, 264, 130, 302, 305, 507, 493, 17, 565, 447, 668, 721, 335, 604, 495, 240, 185, 419, 517, 681, 234, 242, 361, 453, 469, 1, 227, 208, 778, 575, 724], [713, 576, 630, 651, 355, 471, 566, 659, 746, 159, 696, 830, 776, 348, 796, 980, 770, 894, 173, 508, 102, 458, 155, 658, 571, 492, 336, 769, 794, 879, 1056, 138, 939, 365, 412, 482, 760, 478, 902, 132, 218, 398, 778, 223, 354, 170, 146, 872, 919, 934], [630, 476, 613, 499, 714, 667, 540, 680, 766, 1154, 722, 493, 500, 708, 318, 267, 628, 676, 1042, 692, 951, 674, 943, 448, 769, 855, 732, 511, 463, 491, 11, 980, 114, 997, 678, 708, 300, 908, 465, 948, 862, 798, 584, 1079, 717, 945, 911, 788, 161, 501], [487, 383, 401, 519, 232, 240, 429, 598, 712, 305, 650, 599, 661, 149, 575, 755, 545, 672, 197, 440, 136, 367, 94, 505, 362, 307, 221, 538, 669, 648, 855, 130, 741, 262, 184, 418, 572, 313, 671, 205, 13, 186, 687, 245, 237, 244, 151, 662, 731, 704], [217, 414, 250, 607, 623, 390, 578, 813, 936, 909, 872, 55, 706, 537, 187, 194, 196, 239, 782, 732, 762, 672, 715, 539, 390, 493, 636, 103, 681, 57, 452, 746, 401, 669, 450, 734, 411, 546, 52, 803, 642, 495, 788, 800, 630, 823, 751, 348, 455, 100], [337, 326, 326, 480, 565, 413, 470, 689, 805, 931, 745, 208, 561, 510, 62, 127, 337, 402, 809, 632, 754, 583, 724, 412, 483, 575, 581, 218, 533, 220, 303, 759, 239, 732, 448, 638, 265, 629, 204, 776, 645, 539, 646, 837, 571, 786, 728, 506, 292, 250], [114, 478, 145, 704, 565, 253, 637, 877, 1006, 660, 938, 276, 839, 437, 426, 521, 147, 240, 535, 748, 581, 671, 506, 649, 92, 192, 569, 235, 827, 309, 749, 527, 669, 376, 333, 737, 593, 237, 342, 652, 459, 265, 904, 534, 573, 688, 597, 214, 702, 348], [666, 263, 593, 87, 383, 531, 170, 253, 355, 872, 301, 621, 109, 450, 413, 548, 700, 810, 787, 278, 648, 288, 676, 94, 712, 751, 401, 593, 91, 653, 427, 711, 329, 823, 488, 299, 191, 794, 647, 611, 603, 641, 190, 839, 383, 591, 590, 886, 268, 696], [242, 216, 147, 438, 315, 72, 367, 607, 735, 587, 668, 312, 578, 206, 292, 464, 296, 428, 465, 481, 426, 405, 384, 388, 234, 281, 323, 253, 569, 361, 602, 418, 497, 403, 113, 472, 368, 330, 381, 467, 308, 203, 638, 493, 323, 490, 414, 460, 508, 419], [301, 647, 332, 869, 685, 391, 794, 1026, 1153, 638, 1085, 456, 1010, 553, 618, 705, 316, 352, 528, 884, 627, 806, 540, 820, 199, 206, 684, 422, 1001, 480, 940, 548, 861, 334, 460, 871, 779, 207, 513, 712, 519, 336, 1068, 506, 692, 755, 661, 259, 893, 508], [705, 354, 610, 303, 151, 462, 242, 274, 371, 540, 315, 751, 404, 281, 619, 803, 759, 891, 493, 126, 324, 108, 389, 337, 649, 629, 148, 698, 428, 797, 783, 415, 669, 610, 383, 100, 485, 649, 808, 253, 349, 497, 395, 552, 143, 219, 258, 920, 627, 853], [547, 499, 471, 633, 339, 325, 543, 698, 805, 198, 746, 677, 773, 266, 678, 853, 603, 722, 80, 538, 133, 470, 46, 622, 395, 312, 325, 616, 783, 725, 968, 43, 855, 197, 287, 515, 689, 298, 750, 227, 107, 227, 795, 128, 342, 275, 189, 694, 847, 779]], "facilities_distances": [[0, 422, 95, 646, 557, 257, 589, 834, 962, 733, 895, 164, 774, 440, 322, 408, 58, 189, 606, 718, 623, 645, 559, 586, 179, 285, 564, 122, 757, 200, 640, 585, 565, 467, 336, 712, 508, 336, 232, 683, 499, 319, 844, 614, 564, 713, 628, 224, 604, 245], [422, 0, 339, 226, 247, 269, 170, 414, 542, 684, 475, 418, 363, 236, 265, 450, 464, 586, 579, 319, 476, 261, 474, 173, 449, 490, 264, 374, 354, 460, 480, 512, 363, 578, 237, 321, 190, 534, 465, 475, 394, 386, 426, 623, 252, 476, 435, 646, 348, 513], [95, 339, 0, 565, 461, 165, 503, 746, 875, 664, 807, 207, 698, 345, 295, 421, 151, 283, 536, 626, 537, 552, 478, 508, 157, 251, 469, 148, 684, 254, 622, 507, 533, 420, 242, 619, 449, 305, 281, 593, 413, 247, 765, 551, 469, 621, 538, 314, 563, 307], [646, 226, 565, 0, 301, 482, 90, 209, 329, 790, 266, 623, 146, 379, 429, 585, 686, 803, 709, 196, 565, 201, 597, 68, 671, 699, 318, 587, 150, 659, 497, 632, 392, 757, 430, 215, 226, 739, 658, 525, 527, 582, 200, 762, 300, 505, 506, 870, 338, 707], [557, 247, 461, 301, 0, 312, 213, 367, 485, 489, 421, 612, 436, 132, 504, 692, 611, 743, 411, 211, 264, 135, 299, 303, 499, 486, 18, 557, 449, 659, 717, 333, 600, 490, 232, 192, 415, 510, 673, 237, 237, 354, 456, 466, 8, 231, 209, 770, 571, 716], [257, 269, 165, 482, 312, 0, 404, 635, 763, 523, 695, 359, 625, 186, 363, 530, 315, 446, 398, 498, 375, 420, 324, 438, 195, 221, 316, 298, 620, 407, 674, 356, 569, 331, 81, 486, 434, 266, 431, 428, 253, 131, 679, 424, 319, 456, 373, 460, 578, 463], [589, 170, 503, 90, 213, 404, 0, 244, 372, 702, 305, 586, 234, 290, 413, 585, 633, 757, 619, 163, 477, 134, 507, 97, 596, 618, 231, 544, 240, 627, 541, 542, 428, 668, 346, 173, 246, 655, 630, 443, 437, 497, 277, 672, 213, 427, 421, 814, 385, 678], [834, 414, 746, 209, 367, 635, 244, 0, 129, 814, 61, 826, 192, 487, 638, 792, 878, 1000, 762, 159, 596, 233, 654, 277, 830, 838, 377, 787, 229, 864, 677, 683, 582, 857, 568, 183, 432, 869, 865, 527, 602, 710, 139, 820, 362, 491, 530, 1058, 520, 914], [962, 542, 875, 329, 485, 763, 372, 129, 0, 905, 68, 950, 266, 610, 757, 902, 1006, 1127, 865, 275, 694, 353, 760, 396, 958, 963, 493, 913, 303, 988, 762, 787, 677, 973, 694, 294, 543, 992, 987, 617, 714, 834, 183, 923, 479, 576, 629, 1186, 610, 1036], [733, 684, 664, 790, 489, 523, 702, 814, 905, 0, 853, 871, 921, 449, 875, 1051, 788, 900, 127, 660, 226, 605, 211, 789, 569, 472, 472, 810, 936, 917, 1159, 174, 1045, 304, 484, 635, 873, 442, 944, 288, 292, 416, 929, 132, 490, 329, 288, 858, 1032, 971], [895, 475, 807, 266, 421, 695, 305, 61, 68, 853, 0, 885, 224, 544, 695, 846, 939, 1061, 808, 210, 639, 287, 701, 334, 890, 897, 429, 847, 262, 923, 718, 729, 628, 910, 627, 231, 485, 926, 923, 565, 653, 768, 152, 866, 415, 526, 573, 1119, 564, 972], [164, 418, 207, 623, 612, 359, 586, 826, 950, 871, 885, 0, 730, 517, 219, 250, 140, 197, 743, 736, 734, 671, 681, 556, 339, 444, 623, 61, 707, 49, 503, 711, 446, 622, 424, 735, 439, 496, 74, 779, 612, 455, 809, 758, 619, 802, 726, 299, 497, 106], [774, 363, 698, 146, 436, 625, 234, 192, 266, 921, 224, 730, 0, 524, 520, 648, 808, 919, 847, 280, 696, 317, 735, 190, 811, 844, 451, 702, 38, 761, 496, 769, 412, 902, 576, 305, 297, 884, 755, 646, 668, 728, 87, 901, 434, 619, 634, 994, 345, 804], [440, 236, 345, 379, 132, 186, 290, 487, 610, 449, 544, 517, 524, 0, 450, 637, 496, 628, 346, 336, 246, 257, 239, 359, 368, 355, 132, 458, 529, 566, 712, 276, 597, 379, 105, 320, 425, 383, 584, 268, 159, 224, 559, 393, 139, 286, 218, 646, 584, 623], [322, 265, 295, 429, 504, 363, 413, 638, 757, 875, 695, 219, 520, 450, 0, 188, 332, 416, 755, 574, 695, 523, 667, 361, 451, 537, 519, 212, 494, 243, 327, 703, 243, 687, 392, 579, 224, 591, 235, 715, 588, 491, 603, 785, 510, 725, 668, 511, 284, 284], [408, 450, 421, 585, 692, 530, 585, 792, 902, 1051, 846, 250, 648, 637, 188, 0, 390, 416, 928, 748, 879, 704, 846, 518, 572, 672, 707, 287, 616, 235, 278, 881, 265, 838, 571, 756, 360, 726, 205, 902, 768, 651, 734, 953, 697, 913, 855, 532, 333, 236], [58, 464, 151, 686, 611, 315, 633, 878, 1006, 788, 939, 140, 808, 496, 332, 390, 0, 132, 661, 767, 681, 695, 616, 624, 226, 332, 619, 120, 790, 165, 638, 642, 572, 516, 393, 762, 533, 381, 198, 741, 556, 376, 882, 667, 619, 771, 686, 186, 616, 202], [189, 586, 283, 803, 743, 446, 757, 1000, 1127, 900, 1061, 197, 919, 628, 416, 416, 132, 0, 774, 895, 807, 824, 738, 739, 331, 431, 751, 217, 897, 186, 687, 762, 640, 614, 525, 891, 633, 473, 211, 870, 683, 496, 996, 774, 751, 901, 815, 119, 693, 183], [606, 579, 536, 709, 411, 398, 619, 762, 865, 127, 808, 743, 847, 346, 755, 928, 661, 774, 0, 604, 173, 539, 112, 699, 444, 351, 396, 683, 858, 790, 1047, 79, 934, 197, 365, 580, 769, 325, 817, 262, 186, 289, 865, 59, 414, 310, 237, 737, 927, 843], [718, 319, 626, 196, 211, 498, 163, 159, 275, 660, 210, 736, 280, 336, 574, 748, 767, 895, 604, 0, 439, 79, 495, 245, 692, 691, 219, 689, 305, 779, 691, 525, 582, 699, 425, 26, 405, 719, 784, 376, 443, 561, 270, 661, 205, 344, 374, 940, 532, 832], [623, 476, 537, 565, 264, 375, 477, 596, 694, 226, 639, 734, 696, 246, 695, 879, 681, 807, 173, 439, 0, 380, 90, 566, 493, 425, 247, 673, 711, 782, 955, 100, 839, 330, 313, 414, 661, 420, 805, 94, 125, 316, 705, 232, 265, 143, 66, 794, 820, 839], [645, 261, 552, 201, 135, 420, 134, 233, 353, 605, 287, 671, 317, 257, 523, 704, 695, 824, 539, 79, 380, 0, 429, 230, 614, 612, 146, 622, 336, 716, 675, 460, 562, 625, 346, 67, 378, 640, 724, 329, 371, 482, 326, 596, 130, 305, 318, 866, 520, 770], [559, 474, 478, 597, 299, 324, 507, 654, 760, 211, 701, 681, 735, 239, 667, 846, 616, 738, 112, 495, 90, 429, 0, 588, 416, 341, 285, 620, 746, 729, 948, 37, 834, 241, 276, 472, 664, 333, 754, 183, 81, 242, 754, 167, 302, 231, 143, 717, 823, 785], [586, 173, 508, 68, 303, 438, 97, 277, 396, 789, 334, 556, 190, 359, 361, 518, 624, 739, 699, 245, 566, 230, 588, 0, 622, 658, 321, 523, 182, 592, 448, 625, 337, 730, 394, 260, 163, 700, 590, 537, 514, 547, 258, 750, 304, 523, 512, 809, 290, 640], [179, 449, 157, 671, 499, 195, 596, 830, 958, 569, 890, 339, 811, 368, 451, 572, 226, 331, 444, 692, 493, 614, 416, 622, 0, 107, 501, 288, 803, 378, 778, 436, 688, 290, 269, 680, 588, 157, 410, 567, 372, 177, 870, 444, 507, 605, 513, 302, 713, 424], [285, 490, 251, 699, 486, 221, 618, 838, 963, 472, 897, 444, 844, 355, 537, 672, 332, 431, 351, 691, 425, 612, 341, 658, 107, 0, 483, 391, 840, 484, 863, 355, 766, 184, 272, 675, 649, 54, 516, 508, 314, 132, 894, 344, 493, 550, 456, 386, 785, 530], [564, 264, 469, 318, 18, 316, 231, 377, 493, 472, 429, 623, 451, 132, 519, 707, 619, 751, 396, 219, 247, 146, 285, 321, 501, 483, 0, 568, 465, 671, 735, 318, 618, 480, 235, 199, 434, 506, 685, 218, 226, 351, 469, 452, 18, 213, 191, 775, 590, 728], [122, 374, 148, 587, 557, 298, 544, 787, 913, 810, 847, 61, 702, 458, 212, 287, 120, 217, 683, 689, 673, 622, 620, 523, 288, 391, 568, 0, 681, 110, 521, 651, 452, 566, 364, 687, 419, 444, 134, 719, 551, 395, 779, 699, 564, 743, 666, 301, 496, 166], [757, 354, 684, 150, 449, 620, 240, 229, 303, 936, 262, 707, 38, 529, 494, 616, 790, 897, 858, 305, 711, 336, 746, 182, 803, 840, 465, 681, 0, 736, 459, 781, 376, 906, 574, 330, 270, 881, 729, 665, 677, 727, 122, 912, 447, 641, 651, 976, 308, 778], [200, 460, 254, 659, 659, 407, 627, 864, 988, 917, 923, 49, 761, 566, 243, 235, 165, 186, 790, 779, 782, 716, 729, 592, 378, 484, 671, 110, 736, 0, 502, 759, 456, 665, 473, 779, 467, 536, 33, 828, 660, 501, 842, 804, 667, 851, 775, 298, 511, 57], [640, 480, 622, 497, 717, 674, 541, 677, 762, 1159, 718, 503, 496, 712, 327, 278, 638, 687, 1047, 691, 955, 675, 948, 448, 778, 863, 735, 521, 459, 502, 0, 985, 117, 1005, 684, 708, 302, 916, 476, 951, 867, 805, 579, 1085, 720, 947, 914, 799, 159, 512], [585, 512, 507, 632, 333, 356, 542, 683, 787, 174, 729, 711, 769, 276, 703, 881, 642, 762, 79, 525, 100, 460, 37, 625, 436, 355, 318, 651, 781, 759, 985, 0, 871, 235, 311, 501, 701, 341, 785, 193, 118, 266, 786, 137, 335, 242, 161, 736, 860, 814], [565, 363, 533, 392, 600, 569, 428, 582, 677, 1045, 628, 446, 412, 597, 243, 265, 572, 640, 934, 582, 839, 562, 834, 337, 688, 766, 618, 452, 376, 456, 117, 871, 0, 900, 573, 598, 186, 819, 436, 834, 753, 700, 498, 974, 603, 831, 798, 745, 71, 478], [467, 578, 420, 757, 490, 331, 668, 857, 973, 304, 910, 622, 902, 379, 687, 838, 516, 614, 197, 699, 330, 625, 241, 730, 290, 184, 480, 566, 906, 665, 1005, 235, 900, 0, 341, 679, 758, 143, 695, 423, 260, 200, 938, 172, 495, 471, 381, 560, 907, 712], [336, 237, 242, 430, 232, 81, 346, 568, 694, 484, 627, 424, 576, 105, 392, 571, 393, 525, 365, 425, 313, 346, 276, 394, 269, 272, 235, 364, 574, 473, 684, 311, 573, 341, 0, 412, 420, 309, 494, 355, 197, 153, 623, 401, 239, 380, 302, 541, 573, 530], [712, 321, 619, 215, 192, 486, 173, 183, 294, 635, 231, 735, 305, 320, 579, 756, 762, 891, 580, 26, 414, 67, 472, 260, 680, 675, 199, 687, 330, 779, 708, 501, 598, 679, 412, 0, 418, 701, 786, 350, 421, 544, 296, 637, 186, 318, 349, 933, 550, 833], [508, 190, 449, 226, 415, 434, 246, 432, 543, 873, 485, 439, 297, 425, 224, 360, 533, 633, 769, 405, 661, 378, 664, 163, 588, 649, 434, 419, 270, 467, 302, 701, 186, 758, 420, 418, 0, 698, 459, 651, 584, 561, 381, 812, 419, 646, 617, 719, 159, 508], [336, 534, 305, 739, 510, 266, 655, 869, 992, 442, 926, 496, 884, 383, 591, 726, 381, 473, 325, 719, 420, 640, 333, 700, 157, 54, 506, 444, 881, 536, 916, 341, 819, 143, 309, 701, 698, 0, 567, 508, 318, 159, 931, 311, 517, 552, 458, 417, 836, 580], [232, 465, 281, 658, 673, 431, 630, 865, 987, 944, 923, 74, 755, 584, 235, 205, 198, 211, 817, 784, 805, 724, 754, 590, 410, 516, 685, 134, 729, 33, 476, 785, 436, 695, 494, 786, 459, 567, 0, 848, 684, 529, 837, 832, 680, 869, 796, 326, 494, 49], [683, 475, 593, 525, 237, 428, 443, 527, 617, 288, 565, 779, 646, 268, 715, 902, 741, 870, 262, 376, 94, 329, 183, 537, 567, 508, 218, 719, 665, 828, 951, 193, 834, 423, 355, 350, 651, 508, 848, 0, 196, 391, 646, 320, 235, 49, 55, 867, 808, 886], [499, 394, 413, 527, 237, 253, 437, 602, 714, 292, 653, 612, 668, 159, 588, 768, 556, 683, 186, 443, 125, 371, 81, 514, 372, 314, 226, 551, 677, 660, 867, 118, 753, 260, 197, 421, 584, 318, 684, 196, 0, 195, 693, 236, 241, 237, 143, 672, 742, 716], [319, 386, 247, 582, 354, 131, 497, 710, 834, 416, 768, 455, 728, 224, 491, 651, 376, 496, 289, 561, 316, 482, 242, 547, 177, 132, 351, 395, 727, 501, 805, 266, 700, 200, 153, 544, 561, 159, 529, 391, 195, 0, 773, 305, 361, 429, 337, 478, 708, 554], [844, 426, 765, 200, 456, 679, 277, 139, 183, 929, 152, 809, 87, 559, 603, 734, 882, 996, 865, 270, 705, 326, 754, 258, 870, 894, 469, 779, 122, 842, 579, 786, 498, 938, 623, 296, 381, 931, 837, 646, 693, 773, 0, 921, 453, 614, 642, 1067, 430, 886], [614, 623, 551, 762, 466, 424, 672, 820, 923, 132, 866, 758, 901, 393, 785, 953, 667, 774, 59, 661, 232, 596, 167, 750, 444, 344, 452, 699, 912, 804, 1085, 137, 974, 172, 401, 637, 812, 311, 832, 320, 236, 305, 921, 0, 469, 368, 296, 728, 969, 855], [564, 252, 469, 300, 8, 319, 213, 362, 479, 490, 415, 619, 434, 139, 510, 697, 619, 751, 414, 205, 265, 130, 302, 304, 507, 493, 18, 564, 447, 667, 720, 335, 603, 495, 239, 186, 419, 517, 680, 235, 241, 361, 453, 469, 0, 228, 208, 777, 574, 723], [713, 476, 621, 505, 231, 456, 427, 491, 576, 329, 526, 802, 619, 286, 725, 913, 771, 901, 310, 344, 143, 305, 231, 523, 605, 550, 213, 743, 641, 851, 947, 242, 831, 471, 380, 318, 646, 552, 869, 49, 237, 429, 614, 368, 228, 0, 94, 902, 801, 908], [628, 435, 538, 506, 209, 373, 421, 530, 629, 288, 573, 726, 634, 218, 668, 855, 686, 815, 237, 374, 66, 318, 143, 512, 513, 456, 191, 666, 651, 775, 914, 161, 798, 381, 302, 349, 617, 458, 796, 55, 143, 337, 642, 296, 208, 94, 0, 812, 775, 832], [224, 646, 314, 870, 770, 460, 814, 1058, 1186, 858, 1119, 299, 994, 646, 511, 532, 186, 119, 737, 940, 794, 866, 717, 809, 302, 386, 775, 301, 976, 298, 799, 736, 745, 560, 541, 933, 719, 417, 326, 867, 672, 478, 1067, 728, 777, 902, 812, 0, 794, 301], [604, 348, 563, 338, 571, 578, 385, 520, 610, 1032, 564, 497, 345, 584, 284, 333, 616, 693, 927, 532, 820, 520, 823, 290, 713, 785, 590, 496, 308, 511, 159, 860, 71, 907, 573, 550, 159, 836, 494, 808, 742, 708, 430, 969, 574, 801, 775, 794, 0, 538], [245, 513, 307, 707, 716, 463, 678, 914, 1036, 971, 972, 106, 804, 623, 284, 236, 202, 183, 843, 832, 839, 770, 785, 640, 424, 530, 728, 166, 778, 57, 512, 814, 478, 712, 530, 833, 508, 580, 49, 886, 716, 554, 886, 855, 723, 908, 832, 301, 538, 0]]}