{"n": 50, "m": 50, "facilities": [{"i": 0, "x": 858, "y": 24}, {"i": 1, "x": 89, "y": 428}, {"i": 2, "x": 463, "y": 611}, {"i": 3, "x": 307, "y": 980}, {"i": 4, "x": 748, "y": 488}, {"i": 5, "x": 15, "y": 878}, {"i": 6, "x": 132, "y": 295}, {"i": 7, "x": 206, "y": 906}, {"i": 8, "x": 656, "y": 624}, {"i": 9, "x": 979, "y": 188}, {"i": 10, "x": 36, "y": 278}, {"i": 11, "x": 617, "y": 662}, {"i": 12, "x": 893, "y": 417}, {"i": 13, "x": 829, "y": 780}, {"i": 14, "x": 816, "y": 776}, {"i": 15, "x": 10, "y": 191}, {"i": 16, "x": 325, "y": 72}, {"i": 17, "x": 391, "y": 380}, {"i": 18, "x": 600, "y": 23}, {"i": 19, "x": 412, "y": 726}, {"i": 20, "x": 626, "y": 353}, {"i": 21, "x": 171, "y": 761}, {"i": 22, "x": 358, "y": 282}, {"i": 23, "x": 419, "y": 484}, {"i": 24, "x": 550, "y": 629}, {"i": 25, "x": 585, "y": 248}, {"i": 26, "x": 992, "y": 126}, {"i": 27, "x": 595, "y": 551}, {"i": 28, "x": 11, "y": 46}, {"i": 29, "x": 142, "y": 325}, {"i": 30, "x": 80, "y": 609}, {"i": 31, "x": 361, "y": 390}, {"i": 32, "x": 245, "y": 676}, {"i": 33, "x": 280, "y": 487}, {"i": 34, "x": 413, "y": 916}, {"i": 35, "x": 557, "y": 774}, {"i": 36, "x": 548, "y": 954}, {"i": 37, "x": 387, "y": 18}, {"i": 38, "x": 682, "y": 201}, {"i": 39, "x": 986, "y": 878}, {"i": 40, "x": 827, "y": 955}, {"i": 41, "x": 639, "y": 206}, {"i": 42, "x": 874, "y": 438}, {"i": 43, "x": 224, "y": 708}, {"i": 44, "x": 476, "y": 627}, {"i": 45, "x": 346, "y": 981}, {"i": 46, "x": 444, "y": 393}, {"i": 47, "x": 229, "y": 591}, {"i": 48, "x": 510, "y": 897}, {"i": 49, "x": 215, "y": 67}], "users": [{"i": 0, "x": 728, "y": 713}, {"i": 1, "x": 653, "y": 622}, {"i": 2, "x": 137, "y": 300}, {"i": 3, "x": 629, "y": 631}, {"i": 4, "x": 328, "y": 529}, {"i": 5, "x": 416, "y": 17}, {"i": 6, "x": 969, "y": 367}, {"i": 7, "x": 51, "y": 989}, {"i": 8, "x": 669, "y": 404}, {"i": 9, "x": 161, "y": 666}, {"i": 10, "x": 962, "y": 121}, {"i": 11, "x": 704, "y": 252}, {"i": 12, "x": 471, "y": 84}, {"i": 13, "x": 228, "y": 982}, {"i": 14, "x": 205, "y": 157}, {"i": 15, "x": 942, "y": 96}, {"i": 16, "x": 294, "y": 216}, {"i": 17, "x": 593, "y": 125}, {"i": 18, "x": 236, "y": 861}, {"i": 19, "x": 410, "y": 787}, {"i": 20, "x": 138, "y": 2}, {"i": 21, "x": 84, "y": 873}, {"i": 22, "x": 460, "y": 660}, {"i": 23, "x": 343, "y": 807}, {"i": 24, "x": 164, "y": 722}, {"i": 25, "x": 240, "y": 998}, {"i": 26, "x": 372, "y": 797}, {"i": 27, "x": 558, "y": 945}, {"i": 28, "x": 985, "y": 945}, {"i": 29, "x": 366, "y": 744}, {"i": 30, "x": 102, "y": 344}, {"i": 31, "x": 923, "y": 204}, {"i": 32, "x": 200, "y": 16}, {"i": 33, "x": 25, "y": 88}, {"i": 34, "x": 598, "y": 556}, {"i": 35, "x": 208, "y": 847}, {"i": 36, "x": 988, "y": 211}, {"i": 37, "x": 327, "y": 578}, {"i": 38, "x": 37, "y": 239}, {"i": 39, "x": 654, "y": 573}, {"i": 40, "x": 4, "y": 800}, {"i": 41, "x": 956, "y": 838}, {"i": 42, "x": 678, "y": 643}, {"i": 43, "x": 316, "y": 437}, {"i": 44, "x": 472, "y": 764}, {"i": 45, "x": 413, "y": 449}, {"i": 46, "x": 223, "y": 96}, {"i": 47, "x": 661, "y": 349}, {"i": 48, "x": 710, "y": 248}, {"i": 49, "x": 794, "y": 830}], "distances": [[701, 700, 284, 499, 226, 732, 728, 557, 114, 582, 817, 122, 339, 121, 108, 888, 757, 474, 702, 316, 374, 559, 568, 385, 197, 486, 644, 210, 979, 703, 656, 489, 484, 502, 375, 182, 301, 774, 514, 306, 261, 515, 311, 504, 266, 467, 428, 514, 285, 825], [632, 596, 190, 498, 164, 687, 615, 530, 4, 543, 706, 54, 316, 237, 224, 774, 640, 357, 601, 262, 270, 502, 450, 272, 103, 380, 601, 92, 863, 591, 573, 373, 412, 397, 380, 180, 348, 660, 422, 420, 376, 416, 288, 438, 177, 472, 310, 425, 310, 707], [772, 137, 451, 701, 639, 591, 7, 610, 612, 849, 103, 601, 765, 842, 829, 167, 296, 266, 540, 507, 492, 462, 222, 337, 528, 451, 873, 522, 284, 25, 314, 241, 391, 235, 675, 633, 772, 377, 554, 1027, 951, 511, 750, 417, 471, 712, 321, 305, 704, 246], [649, 577, 167, 475, 186, 662, 600, 505, 28, 565, 690, 33, 340, 249, 237, 759, 636, 346, 609, 237, 278, 476, 442, 256, 79, 386, 622, 87, 851, 575, 549, 360, 387, 378, 358, 160, 333, 659, 433, 434, 380, 425, 312, 412, 153, 450, 301, 402, 291, 700], [732, 259, 158, 451, 422, 469, 305, 396, 341, 735, 385, 318, 576, 560, 547, 464, 457, 162, 574, 214, 346, 280, 249, 102, 243, 381, 777, 268, 578, 276, 261, 143, 169, 64, 396, 335, 479, 514, 483, 745, 656, 448, 554, 207, 178, 452, 179, 117, 411, 476], [442, 525, 596, 969, 576, 950, 397, 913, 653, 588, 461, 676, 623, 868, 858, 442, 106, 364, 184, 709, 396, 783, 271, 467, 626, 286, 586, 563, 406, 412, 681, 377, 681, 489, 899, 770, 946, 29, 323, 1033, 1024, 292, 622, 717, 613, 967, 377, 604, 885, 207], [361, 882, 562, 902, 252, 1082, 840, 934, 405, 179, 937, 459, 91, 436, 437, 975, 708, 578, 504, 663, 343, 890, 617, 562, 494, 402, 242, 417, 1010, 828, 921, 608, 787, 699, 781, 579, 722, 679, 332, 511, 605, 367, 119, 819, 557, 875, 526, 773, 701, 811], [1258, 562, 559, 256, 858, 117, 699, 176, 707, 1226, 711, 654, 1018, 806, 794, 799, 957, 697, 1111, 447, 857, 258, 771, 625, 615, 913, 1277, 698, 944, 670, 381, 674, 368, 552, 369, 550, 498, 1027, 1010, 942, 777, 979, 990, 330, 558, 295, 714, 436, 468, 936], [424, 580, 292, 680, 115, 808, 548, 683, 220, 378, 645, 263, 224, 409, 400, 693, 478, 279, 387, 412, 67, 613, 334, 262, 255, 177, 426, 165, 749, 533, 624, 308, 504, 398, 572, 387, 563, 478, 203, 570, 573, 200, 208, 539, 295, 661, 225, 478, 518, 565], [948, 249, 307, 346, 613, 257, 372, 244, 497, 947, 408, 456, 773, 678, 664, 498, 616, 367, 779, 258, 561, 96, 432, 316, 391, 595, 991, 449, 638, 342, 99, 341, 85, 215, 355, 410, 482, 686, 698, 852, 726, 663, 749, 76, 317, 365, 393, 101, 419, 601], [142, 925, 699, 1080, 425, 1212, 848, 1090, 589, 69, 939, 642, 304, 672, 671, 955, 639, 627, 375, 818, 408, 1017, 625, 653, 654, 398, 30, 565, 954, 845, 1008, 658, 907, 774, 966, 768, 930, 584, 291, 757, 845, 334, 329, 943, 702, 1058, 585, 871, 898, 749], [275, 640, 432, 829, 240, 931, 574, 822, 375, 282, 669, 419, 251, 543, 536, 697, 420, 338, 252, 557, 128, 737, 347, 367, 407, 119, 314, 318, 723, 567, 719, 370, 625, 485, 725, 542, 719, 394, 56, 687, 714, 80, 252, 662, 439, 812, 296, 584, 674, 523], [392, 514, 527, 911, 490, 916, 399, 864, 571, 519, 476, 596, 538, 783, 773, 473, 146, 307, 143, 645, 310, 740, 228, 403, 551, 200, 523, 483, 462, 408, 655, 325, 634, 446, 834, 695, 873, 107, 241, 946, 941, 208, 536, 671, 543, 906, 310, 562, 814, 257], [1147, 571, 439, 79, 717, 237, 694, 79, 558, 1093, 730, 504, 873, 634, 623, 820, 915, 624, 1029, 315, 744, 228, 712, 533, 478, 816, 1147, 566, 961, 663, 401, 607, 306, 498, 196, 389, 321, 977, 903, 765, 600, 878, 845, 274, 433, 118, 627, 391, 295, 915], [666, 295, 522, 829, 636, 746, 156, 749, 649, 775, 208, 652, 735, 882, 870, 198, 147, 290, 417, 605, 464, 605, 198, 391, 585, 391, 788, 554, 224, 179, 469, 280, 521, 338, 787, 710, 868, 229, 479, 1063, 1012, 437, 726, 551, 543, 836, 336, 435, 800, 91], [111, 915, 703, 1088, 437, 1213, 834, 1094, 600, 99, 924, 653, 325, 693, 692, 937, 617, 620, 350, 823, 407, 1018, 613, 651, 662, 388, 58, 572, 932, 832, 1003, 651, 907, 769, 976, 780, 944, 560, 280, 783, 867, 322, 349, 943, 706, 1067, 580, 868, 910, 728], [596, 295, 430, 764, 529, 718, 180, 696, 545, 686, 265, 551, 632, 777, 766, 285, 147, 191, 362, 523, 359, 559, 92, 296, 486, 293, 704, 450, 330, 187, 447, 186, 463, 271, 710, 617, 780, 219, 388, 958, 911, 345, 621, 497, 449, 767, 232, 381, 714, 169], [284, 588, 503, 902, 395, 949, 491, 872, 503, 391, 578, 538, 419, 696, 688, 587, 273, 325, 102, 628, 230, 763, 283, 399, 506, 123, 399, 426, 587, 493, 705, 352, 652, 479, 811, 650, 830, 232, 117, 849, 862, 93, 421, 690, 515, 891, 307, 591, 776, 382], [1043, 457, 338, 139, 633, 222, 575, 54, 482, 1002, 616, 430, 793, 599, 586, 707, 794, 505, 914, 222, 640, 119, 592, 419, 390, 705, 1054, 474, 845, 544, 296, 487, 185, 377, 185, 333, 326, 856, 797, 750, 598, 769, 765, 153, 335, 163, 512, 270, 276, 794], [885, 482, 184, 219, 451, 405, 565, 236, 295, 826, 632, 242, 608, 419, 406, 718, 720, 407, 787, 61, 485, 240, 508, 303, 211, 567, 881, 300, 842, 534, 375, 400, 199, 327, 129, 148, 217, 769, 646, 583, 450, 625, 581, 202, 173, 204, 395, 267, 149, 746], [720, 429, 690, 992, 780, 885, 293, 907, 809, 861, 294, 816, 862, 1041, 1029, 228, 200, 455, 462, 774, 601, 760, 356, 558, 750, 510, 863, 714, 134, 323, 610, 448, 682, 505, 954, 878, 1037, 250, 579, 1219, 1176, 541, 855, 711, 711, 1001, 497, 596, 969, 101], [1149, 445, 461, 247, 768, 69, 580, 126, 624, 1127, 597, 573, 929, 751, 738, 686, 836, 581, 994, 359, 751, 142, 651, 513, 526, 801, 1176, 604, 830, 551, 264, 557, 254, 433, 332, 483, 471, 907, 900, 902, 748, 868, 902, 216, 463, 283, 600, 317, 427, 817], [750, 438, 49, 355, 335, 496, 491, 354, 199, 702, 571, 157, 497, 388, 374, 650, 603, 288, 652, 82, 349, 306, 392, 181, 95, 431, 754, 174, 761, 462, 383, 288, 216, 250, 260, 150, 307, 646, 510, 569, 471, 488, 470, 241, 37, 341, 267, 241, 242, 642], [937, 456, 230, 177, 516, 336, 554, 169, 363, 888, 612, 310, 674, 487, 474, 700, 735, 430, 825, 106, 535, 178, 525, 332, 273, 609, 941, 359, 830, 522, 329, 417, 164, 326, 130, 217, 252, 790, 694, 647, 506, 670, 647, 155, 224, 174, 426, 244, 190, 751], [984, 303, 319, 295, 629, 216, 428, 189, 502, 974, 462, 457, 790, 668, 654, 553, 670, 410, 824, 248, 591, 40, 481, 349, 397, 634, 1020, 464, 693, 398, 141, 386, 93, 262, 316, 396, 449, 738, 735, 837, 703, 701, 765, 62, 326, 317, 432, 146, 388, 657], [1154, 590, 447, 69, 720, 255, 711, 98, 559, 1096, 748, 505, 874, 628, 617, 839, 930, 636, 1039, 322, 752, 247, 726, 544, 482, 826, 1151, 571, 979, 680, 421, 620, 322, 513, 191, 388, 311, 991, 911, 756, 589, 887, 846, 290, 440, 107, 638, 407, 288, 931], [913, 465, 207, 194, 487, 366, 556, 199, 333, 860, 618, 280, 645, 457, 444, 706, 727, 417, 807, 81, 512, 204, 515, 317, 245, 589, 914, 332, 833, 525, 347, 407, 175, 323, 126, 186, 236, 779, 672, 619, 482, 649, 617, 173, 199, 186, 410, 251, 170, 747], [969, 698, 347, 253, 495, 547, 777, 354, 336, 866, 847, 289, 625, 317, 308, 932, 904, 589, 923, 263, 596, 429, 693, 481, 316, 698, 927, 396, 1052, 747, 584, 589, 413, 536, 148, 171, 13, 943, 754, 433, 269, 743, 597, 410, 328, 215, 564, 483, 68, 943], [930, 1034, 620, 679, 515, 972, 1072, 780, 460, 757, 1160, 464, 536, 227, 239, 1233, 1094, 820, 999, 613, 692, 835, 913, 730, 538, 804, 819, 554, 1325, 1046, 965, 835, 787, 841, 573, 461, 437, 1103, 803, 67, 158, 816, 519, 797, 600, 640, 773, 835, 477, 1168], [872, 420, 165, 243, 460, 376, 506, 228, 314, 828, 571, 264, 620, 464, 451, 658, 673, 365, 758, 49, 470, 196, 462, 265, 217, 542, 880, 299, 783, 475, 316, 354, 139, 271, 178, 193, 278, 726, 628, 634, 507, 603, 593, 146, 161, 238, 360, 205, 210, 694], [821, 85, 449, 668, 662, 541, 57, 572, 621, 891, 93, 605, 794, 848, 835, 179, 352, 291, 592, 492, 524, 423, 263, 347, 531, 492, 916, 535, 312, 44, 266, 263, 361, 228, 651, 626, 756, 433, 597, 1033, 948, 554, 778, 384, 469, 682, 345, 278, 687, 299], [191, 864, 614, 991, 334, 1131, 796, 1003, 498, 58, 890, 551, 215, 584, 582, 913, 612, 560, 370, 730, 332, 936, 570, 577, 565, 341, 104, 477, 926, 790, 935, 592, 826, 703, 876, 677, 839, 567, 241, 677, 757, 284, 239, 862, 615, 968, 515, 795, 807, 721], [658, 427, 651, 970, 723, 882, 287, 890, 760, 798, 309, 769, 801, 990, 978, 258, 137, 411, 400, 741, 543, 746, 309, 517, 706, 449, 800, 665, 191, 314, 605, 407, 662, 478, 925, 838, 1000, 187, 516, 1167, 1129, 478, 795, 692, 670, 976, 449, 576, 934, 53], [835, 346, 682, 936, 826, 790, 233, 838, 828, 959, 190, 825, 928, 1061, 1048, 104, 300, 468, 579, 746, 657, 689, 385, 559, 754, 582, 968, 734, 44, 264, 524, 452, 628, 474, 914, 868, 1012, 369, 667, 1244, 1181, 625, 918, 651, 703, 949, 518, 543, 943, 191], [592, 525, 146, 514, 165, 666, 534, 526, 89, 530, 627, 108, 326, 322, 310, 692, 556, 272, 533, 252, 205, 474, 364, 193, 87, 308, 583, 6, 778, 511, 521, 289, 373, 325, 405, 222, 401, 578, 365, 504, 460, 352, 300, 404, 141, 494, 224, 371, 352, 621], [1049, 436, 347, 166, 648, 195, 557, 59, 500, 1014, 594, 449, 809, 625, 612, 685, 784, 502, 912, 237, 647, 94, 585, 420, 406, 708, 1065, 487, 825, 526, 270, 482, 175, 367, 216, 357, 356, 848, 801, 779, 628, 772, 782, 140, 347, 192, 512, 257, 306, 780], [228, 925, 660, 1027, 367, 1180, 860, 1046, 530, 25, 954, 584, 227, 591, 591, 978, 677, 620, 431, 773, 389, 985, 634, 631, 605, 405, 85, 520, 991, 854, 991, 652, 877, 760, 910, 709, 864, 631, 306, 667, 761, 349, 254, 911, 660, 1003, 574, 849, 836, 786], [767, 281, 140, 402, 431, 433, 344, 350, 332, 760, 418, 302, 588, 541, 528, 500, 506, 208, 619, 171, 374, 240, 298, 132, 229, 419, 804, 269, 619, 313, 249, 191, 128, 102, 349, 302, 436, 563, 518, 724, 626, 486, 565, 166, 157, 403, 219, 99, 368, 523], [849, 196, 566, 789, 753, 639, 110, 688, 729, 943, 39, 718, 874, 959, 946, 55, 333, 381, 603, 615, 600, 539, 324, 454, 644, 548, 962, 639, 195, 136, 372, 357, 484, 347, 774, 746, 879, 414, 646, 1144, 1066, 603, 860, 505, 586, 804, 435, 401, 810, 248], [586, 583, 195, 535, 127, 708, 591, 558, 51, 504, 685, 96, 285, 271, 260, 749, 599, 326, 553, 286, 222, 518, 415, 251, 118, 332, 560, 63, 831, 569, 575, 345, 422, 384, 419, 223, 395, 616, 373, 451, 419, 367, 258, 451, 186, 511, 277, 425, 355, 670], [1154, 382, 496, 352, 807, 79, 521, 228, 675, 1151, 523, 628, 968, 825, 812, 609, 796, 571, 979, 415, 766, 171, 627, 522, 572, 801, 1196, 641, 754, 495, 206, 544, 271, 417, 425, 554, 565, 871, 905, 985, 837, 870, 942, 238, 503, 387, 599, 307, 515, 763], [820, 959, 543, 664, 407, 942, 987, 753, 369, 650, 1077, 382, 426, 140, 153, 1146, 992, 727, 889, 555, 587, 789, 817, 643, 457, 697, 713, 461, 1233, 962, 905, 745, 729, 762, 549, 404, 424, 998, 693, 50, 174, 707, 408, 743, 524, 627, 678, 768, 450, 1069], [645, 627, 217, 501, 170, 703, 647, 540, 29, 546, 739, 64, 312, 204, 192, 807, 671, 389, 625, 279, 295, 521, 482, 304, 129, 406, 605, 124, 895, 623, 599, 406, 434, 427, 380, 178, 337, 689, 442, 387, 346, 439, 284, 459, 203, 474, 342, 452, 305, 739], [681, 227, 228, 543, 435, 534, 232, 482, 388, 708, 322, 376, 577, 617, 604, 393, 365, 94, 502, 305, 321, 355, 161, 113, 303, 329, 744, 301, 496, 207, 292, 65, 249, 62, 489, 414, 567, 425, 435, 802, 728, 397, 558, 286, 248, 545, 135, 177, 499, 384], [835, 509, 153, 272, 390, 471, 579, 302, 231, 767, 653, 177, 546, 357, 344, 736, 707, 392, 752, 71, 439, 301, 495, 285, 156, 528, 823, 246, 853, 549, 422, 390, 243, 337, 163, 86, 205, 751, 601, 526, 403, 582, 518, 254, 137, 251, 372, 298, 138, 743], [615, 325, 170, 541, 337, 585, 320, 502, 299, 623, 414, 295, 481, 532, 519, 479, 387, 72, 465, 277, 234, 395, 176, 36, 226, 265, 663, 209, 569, 298, 369, 79, 282, 138, 467, 355, 523, 432, 366, 716, 654, 332, 461, 321, 189, 536, 64, 232, 458, 430], [639, 358, 568, 888, 655, 809, 219, 810, 683, 762, 261, 690, 743, 914, 902, 233, 105, 330, 384, 658, 478, 667, 230, 435, 625, 393, 770, 588, 218, 243, 533, 325, 580, 395, 842, 756, 917, 182, 471, 1093, 1050, 430, 735, 612, 588, 894, 370, 495, 851, 30], [380, 577, 328, 724, 164, 835, 532, 719, 275, 356, 629, 316, 242, 463, 454, 670, 435, 272, 332, 452, 35, 640, 310, 277, 301, 126, 399, 213, 717, 520, 637, 303, 529, 405, 619, 438, 615, 430, 149, 621, 628, 145, 231, 566, 334, 706, 221, 495, 568, 528], [268, 647, 439, 836, 243, 938, 580, 829, 380, 276, 675, 424, 249, 545, 539, 702, 423, 345, 250, 563, 134, 744, 354, 375, 413, 125, 307, 324, 728, 573, 726, 377, 632, 492, 731, 548, 724, 397, 55, 688, 717, 82, 251, 669, 445, 818, 303, 591, 679, 527], [809, 812, 397, 510, 345, 780, 851, 593, 248, 668, 938, 244, 425, 61, 58, 1011, 891, 604, 830, 396, 506, 627, 700, 510, 316, 618, 731, 343, 1108, 825, 747, 617, 570, 618, 391, 244, 275, 908, 639, 198, 129, 643, 400, 583, 377, 473, 560, 613, 292, 958]], "facilities_distances": [[0, 869, 708, 1103, 477, 1200, 775, 1097, 633, 204, 860, 682, 395, 757, 753, 864, 535, 587, 258, 832, 403, 1008, 563, 636, 679, 353, 168, 589, 847, 777, 973, 617, 895, 741, 997, 808, 980, 471, 250, 864, 932, 285, 414, 933, 714, 1085, 555, 847, 940, 644], [869, 0, 416, 593, 662, 456, 140, 492, 600, 922, 159, 578, 804, 819, 806, 250, 427, 306, 652, 439, 542, 343, 306, 335, 503, 528, 952, 521, 390, 116, 181, 275, 293, 200, 586, 582, 698, 507, 635, 1004, 907, 593, 785, 311, 435, 610, 357, 215, 630, 382], [708, 416, 0, 401, 310, 522, 458, 391, 193, 667, 541, 162, 472, 403, 390, 618, 556, 242, 604, 126, 305, 328, 345, 134, 89, 383, 718, 145, 724, 430, 383, 243, 227, 221, 309, 188, 353, 598, 465, 587, 501, 442, 446, 258, 21, 388, 219, 235, 290, 598], [1103, 593, 401, 0, 661, 309, 707, 125, 499, 1039, 752, 444, 813, 559, 548, 843, 908, 606, 1001, 275, 703, 258, 700, 508, 427, 783, 1095, 517, 980, 675, 435, 592, 310, 494, 124, 324, 242, 965, 865, 687, 521, 842, 784, 284, 391, 39, 603, 397, 219, 918], [477, 662, 310, 661, 0, 830, 646, 684, 164, 379, 742, 218, 161, 303, 296, 796, 593, 373, 488, 412, 182, 638, 441, 329, 243, 290, 437, 165, 859, 628, 679, 399, 537, 468, 544, 344, 507, 593, 294, 457, 474, 302, 136, 568, 305, 636, 318, 529, 473, 679], [1200, 456, 522, 309, 830, 0, 595, 193, 689, 1185, 600, 640, 992, 820, 807, 687, 864, 624, 1036, 425, 806, 195, 688, 564, 590, 850, 1233, 666, 832, 567, 277, 598, 306, 472, 400, 552, 538, 937, 950, 971, 816, 917, 965, 269, 525, 347, 648, 358, 495, 835], [775, 140, 458, 707, 646, 595, 0, 615, 619, 854, 97, 608, 771, 849, 836, 160, 295, 273, 541, 514, 497, 468, 226, 344, 535, 455, 876, 529, 277, 32, 318, 248, 397, 242, 682, 640, 779, 377, 558, 1034, 958, 515, 756, 423, 478, 719, 327, 311, 711, 243], [1097, 492, 391, 125, 684, 193, 615, 0, 531, 1055, 651, 478, 843, 636, 624, 741, 842, 558, 967, 274, 694, 149, 642, 473, 442, 759, 1107, 527, 882, 585, 323, 539, 233, 425, 207, 375, 345, 906, 851, 781, 623, 823, 816, 199, 388, 159, 566, 316, 304, 839], [633, 600, 193, 499, 164, 689, 619, 531, 0, 543, 710, 54, 315, 233, 221, 778, 644, 360, 604, 264, 273, 504, 454, 275, 106, 383, 601, 95, 866, 595, 576, 377, 414, 400, 380, 180, 347, 663, 424, 416, 373, 418, 287, 440, 180, 473, 314, 428, 310, 710], [204, 922, 667, 1039, 379, 1185, 854, 1055, 543, 0, 947, 596, 245, 611, 610, 969, 664, 619, 413, 782, 390, 991, 628, 633, 615, 399, 63, 528, 978, 848, 993, 650, 881, 760, 922, 722, 879, 616, 297, 690, 782, 340, 271, 917, 668, 1015, 573, 851, 850, 774], [860, 159, 541, 752, 742, 600, 97, 651, 710, 947, 0, 696, 868, 939, 925, 91, 355, 369, 619, 585, 595, 502, 322, 435, 622, 550, 968, 622, 233, 116, 334, 344, 450, 321, 741, 719, 848, 437, 651, 1124, 1041, 607, 853, 469, 562, 768, 424, 368, 780, 277], [682, 578, 162, 444, 218, 640, 608, 478, 54, 596, 696, 0, 369, 243, 229, 768, 658, 361, 639, 215, 309, 457, 460, 266, 75, 415, 654, 113, 864, 582, 540, 374, 372, 380, 326, 127, 300, 684, 466, 428, 360, 457, 341, 396, 145, 419, 320, 394, 258, 718], [395, 804, 472, 813, 161, 992, 771, 843, 315, 245, 868, 369, 0, 369, 367, 911, 665, 503, 491, 572, 275, 800, 552, 479, 403, 351, 307, 327, 957, 757, 835, 533, 698, 617, 692, 490, 638, 644, 302, 470, 542, 330, 28, 730, 467, 786, 450, 686, 614, 763], [757, 819, 403, 559, 303, 820, 849, 636, 233, 611, 939, 243, 369, 0, 14, 1009, 869, 593, 791, 420, 473, 658, 685, 506, 317, 585, 674, 327, 1099, 824, 768, 609, 593, 622, 438, 272, 331, 881, 597, 185, 175, 605, 345, 609, 385, 523, 546, 629, 340, 941], [753, 806, 390, 548, 296, 807, 836, 624, 221, 610, 925, 229, 367, 14, 0, 996, 858, 581, 783, 407, 464, 645, 674, 493, 304, 576, 673, 315, 1087, 811, 755, 597, 580, 609, 427, 259, 322, 871, 590, 198, 179, 597, 343, 596, 371, 513, 534, 615, 329, 929], [864, 250, 618, 843, 796, 687, 160, 741, 778, 969, 91, 768, 911, 1009, 996, 0, 337, 425, 613, 669, 637, 592, 360, 503, 695, 578, 984, 687, 145, 188, 424, 403, 539, 401, 829, 799, 934, 415, 672, 1194, 1119, 629, 899, 560, 638, 858, 479, 456, 865, 240], [535, 427, 556, 908, 593, 864, 295, 842, 644, 664, 355, 658, 665, 869, 858, 337, 0, 315, 279, 660, 412, 706, 213, 423, 601, 314, 669, 550, 315, 312, 590, 320, 609, 417, 849, 739, 910, 82, 380, 1042, 1016, 341, 660, 644, 575, 909, 342, 528, 845, 110], [587, 306, 242, 606, 373, 624, 273, 558, 360, 619, 369, 361, 503, 593, 581, 425, 315, 0, 414, 347, 237, 440, 103, 108, 295, 235, 652, 266, 506, 255, 386, 32, 330, 154, 536, 428, 595, 362, 342, 776, 722, 303, 486, 368, 261, 603, 55, 266, 531, 359], [258, 652, 604, 1001, 488, 1036, 541, 967, 604, 413, 619, 639, 491, 791, 783, 613, 279, 414, 0, 728, 331, 854, 354, 495, 608, 225, 405, 528, 589, 549, 783, 438, 743, 564, 912, 752, 932, 213, 196, 938, 959, 187, 497, 781, 617, 991, 402, 678, 879, 388], [832, 439, 126, 275, 412, 425, 514, 274, 264, 782, 585, 215, 572, 420, 407, 669, 660, 347, 728, 0, 430, 244, 447, 242, 169, 508, 835, 253, 789, 483, 352, 340, 174, 273, 190, 153, 265, 708, 590, 594, 474, 567, 544, 189, 118, 263, 335, 227, 197, 688], [403, 542, 305, 703, 182, 806, 497, 694, 273, 390, 595, 309, 275, 473, 464, 637, 412, 237, 331, 430, 0, 611, 277, 245, 286, 113, 431, 200, 687, 485, 603, 268, 499, 371, 602, 427, 606, 412, 162, 637, 635, 148, 262, 536, 312, 688, 186, 463, 556, 501], [1008, 343, 328, 258, 638, 195, 468, 149, 504, 991, 502, 457, 800, 658, 645, 592, 706, 440, 854, 244, 611, 0, 514, 372, 401, 659, 1038, 473, 733, 437, 177, 417, 113, 295, 287, 386, 424, 774, 758, 823, 684, 726, 774, 75, 333, 281, 458, 180, 365, 695], [563, 306, 345, 700, 441, 688, 226, 642, 454, 628, 322, 460, 552, 685, 674, 360, 213, 103, 354, 447, 277, 514, 0, 211, 397, 230, 653, 359, 420, 220, 429, 108, 410, 219, 636, 531, 698, 266, 334, 866, 820, 291, 539, 447, 365, 699, 140, 335, 634, 258], [636, 335, 134, 508, 329, 564, 344, 473, 275, 633, 435, 266, 479, 506, 493, 503, 423, 108, 495, 242, 245, 372, 211, 0, 195, 289, 676, 188, 599, 319, 361, 110, 259, 139, 432, 321, 487, 467, 386, 690, 623, 355, 457, 297, 154, 502, 94, 218, 423, 464], [679, 503, 89, 427, 243, 590, 535, 442, 106, 615, 622, 75, 403, 317, 304, 695, 601, 295, 608, 169, 286, 401, 397, 195, 0, 383, 670, 90, 794, 509, 470, 305, 309, 305, 318, 145, 325, 632, 448, 502, 428, 432, 376, 335, 74, 407, 259, 323, 271, 654], [353, 528, 383, 783, 290, 850, 455, 759, 383, 399, 550, 415, 351, 585, 576, 578, 314, 235, 225, 508, 113, 659, 230, 289, 383, 0, 425, 303, 609, 450, 621, 265, 547, 387, 690, 527, 707, 303, 108, 747, 747, 68, 346, 585, 394, 771, 202, 494, 653, 412], [168, 952, 718, 1095, 437, 1233, 876, 1107, 601, 63, 968, 654, 307, 674, 673, 984, 669, 652, 405, 835, 431, 1038, 653, 676, 670, 425, 0, 582, 984, 873, 1032, 684, 928, 798, 979, 780, 940, 615, 319, 752, 845, 362, 334, 964, 719, 1072, 610, 894, 909, 779], [589, 521, 145, 517, 165, 666, 529, 527, 95, 528, 622, 113, 327, 327, 315, 687, 550, 266, 528, 253, 200, 473, 359, 188, 90, 303, 582, 0, 772, 506, 518, 284, 372, 321, 408, 226, 406, 572, 361, 510, 466, 348, 301, 403, 141, 497, 219, 368, 356, 615], [847, 390, 724, 980, 859, 832, 277, 882, 866, 978, 233, 864, 957, 1099, 1087, 145, 315, 506, 589, 789, 687, 733, 420, 599, 794, 609, 984, 772, 0, 308, 567, 491, 672, 517, 958, 910, 1055, 377, 689, 1282, 1222, 648, 948, 695, 744, 993, 555, 587, 987, 205], [777, 116, 430, 675, 628, 567, 32, 585, 595, 848, 116, 582, 757, 824, 811, 188, 312, 255, 549, 483, 485, 437, 220, 319, 509, 450, 873, 506, 308, 0, 291, 228, 366, 213, 650, 611, 749, 393, 554, 1009, 931, 511, 741, 392, 450, 687, 310, 280, 680, 268], [973, 181, 383, 435, 679, 277, 318, 323, 576, 993, 334, 540, 835, 768, 755, 424, 590, 386, 783, 352, 603, 177, 429, 361, 470, 621, 1032, 518, 567, 291, 0, 356, 178, 234, 453, 505, 581, 666, 727, 945, 823, 689, 812, 175, 396, 457, 423, 150, 518, 559], [617, 275, 243, 592, 399, 598, 248, 539, 377, 650, 344, 374, 533, 609, 597, 403, 320, 32, 438, 340, 268, 417, 108, 110, 305, 265, 684, 284, 491, 228, 356, 0, 309, 126, 529, 431, 594, 373, 373, 793, 732, 333, 515, 346, 263, 591, 83, 240, 528, 354], [895, 293, 227, 310, 537, 306, 397, 233, 414, 881, 450, 372, 698, 593, 580, 539, 609, 330, 743, 174, 499, 113, 410, 259, 309, 547, 928, 372, 672, 366, 178, 309, 0, 192, 293, 327, 411, 673, 645, 768, 645, 613, 673, 38, 236, 321, 346, 86, 345, 610], [741, 200, 221, 494, 468, 472, 242, 425, 400, 760, 321, 380, 617, 622, 609, 401, 417, 154, 564, 273, 371, 295, 219, 139, 305, 387, 798, 321, 517, 213, 234, 126, 192, 0, 449, 399, 538, 481, 493, 807, 720, 456, 596, 228, 241, 498, 189, 116, 470, 425], [997, 586, 309, 124, 544, 400, 682, 207, 380, 922, 741, 326, 692, 438, 427, 829, 849, 536, 912, 190, 602, 287, 636, 432, 318, 690, 979, 408, 958, 650, 453, 529, 293, 449, 0, 202, 140, 898, 764, 574, 416, 745, 664, 281, 296, 93, 524, 373, 99, 872], [808, 582, 188, 324, 344, 552, 640, 375, 180, 722, 719, 127, 490, 272, 259, 799, 739, 428, 752, 153, 427, 386, 531, 321, 145, 527, 780, 226, 910, 611, 505, 431, 327, 399, 202, 0, 180, 775, 586, 441, 325, 574, 462, 339, 168, 296, 397, 376, 132, 785], [980, 698, 353, 242, 507, 538, 779, 345, 347, 879, 848, 300, 638, 331, 322, 934, 910, 595, 932, 265, 606, 424, 698, 487, 325, 707, 940, 406, 1055, 749, 581, 594, 411, 538, 140, 180, 0, 950, 765, 445, 279, 754, 610, 407, 335, 204, 571, 483, 69, 947], [471, 507, 598, 965, 593, 937, 377, 906, 663, 616, 437, 684, 644, 881, 871, 415, 82, 362, 213, 708, 412, 774, 266, 467, 632, 303, 615, 572, 377, 393, 666, 373, 673, 481, 898, 775, 950, 0, 347, 1048, 1035, 314, 643, 709, 615, 964, 379, 594, 888, 179], [250, 635, 465, 865, 294, 950, 558, 851, 424, 297, 651, 466, 302, 597, 590, 672, 380, 342, 196, 590, 162, 758, 334, 386, 448, 108, 319, 361, 689, 554, 727, 373, 645, 493, 764, 586, 765, 347, 0, 742, 768, 43, 305, 683, 473, 849, 306, 598, 717, 486], [864, 1004, 587, 687, 457, 971, 1034, 781, 416, 690, 1124, 428, 470, 185, 198, 1194, 1042, 776, 938, 594, 637, 823, 866, 690, 502, 747, 752, 510, 1282, 1009, 945, 793, 768, 807, 574, 441, 445, 1048, 742, 0, 177, 756, 454, 781, 568, 648, 727, 810, 476, 1119], [932, 907, 501, 521, 474, 816, 958, 623, 373, 782, 1041, 360, 542, 175, 179, 1119, 1016, 722, 959, 474, 635, 684, 820, 623, 428, 747, 845, 466, 1222, 931, 823, 732, 645, 720, 416, 325, 279, 1035, 768, 177, 0, 772, 519, 652, 480, 482, 680, 700, 322, 1078], [285, 593, 442, 842, 302, 917, 515, 823, 418, 340, 607, 457, 330, 605, 597, 629, 341, 303, 187, 567, 148, 726, 291, 355, 432, 68, 362, 348, 648, 511, 689, 333, 613, 456, 745, 574, 754, 314, 43, 756, 772, 0, 330, 651, 451, 829, 270, 562, 703, 446], [414, 785, 446, 784, 136, 965, 756, 816, 287, 271, 853, 341, 28, 345, 343, 899, 660, 486, 497, 544, 262, 774, 539, 457, 376, 346, 334, 301, 948, 741, 812, 515, 673, 596, 664, 462, 610, 643, 305, 454, 519, 330, 0, 704, 441, 757, 432, 663, 586, 756], [933, 311, 258, 284, 568, 269, 423, 199, 440, 917, 469, 396, 730, 609, 596, 560, 644, 368, 781, 189, 536, 75, 447, 297, 335, 585, 964, 403, 695, 392, 175, 346, 38, 228, 281, 339, 407, 709, 683, 781, 652, 651, 704, 0, 265, 299, 384, 117, 343, 641], [714, 435, 21, 391, 305, 525, 478, 388, 180, 668, 562, 145, 467, 385, 371, 638, 575, 261, 617, 118, 312, 333, 365, 154, 74, 394, 719, 141, 744, 450, 396, 263, 236, 241, 296, 168, 335, 615, 473, 568, 480, 451, 441, 265, 0, 377, 236, 250, 272, 618], [1085, 610, 388, 39, 636, 347, 719, 159, 473, 1015, 768, 419, 786, 523, 513, 858, 909, 603, 991, 263, 688, 281, 699, 502, 407, 771, 1072, 497, 993, 687, 457, 591, 321, 498, 93, 296, 204, 964, 849, 648, 482, 829, 757, 299, 377, 0, 596, 407, 184, 923], [555, 357, 219, 603, 318, 648, 327, 566, 314, 573, 424, 320, 450, 546, 534, 479, 342, 55, 402, 335, 186, 458, 140, 94, 259, 202, 610, 219, 555, 310, 423, 83, 346, 189, 524, 397, 571, 379, 306, 727, 680, 270, 432, 384, 236, 596, 0, 292, 508, 398], [847, 215, 235, 397, 529, 358, 311, 316, 428, 851, 368, 394, 686, 629, 615, 456, 528, 266, 678, 227, 463, 180, 335, 218, 323, 494, 894, 368, 587, 280, 150, 240, 86, 116, 373, 376, 483, 594, 598, 810, 700, 562, 663, 117, 250, 407, 292, 0, 415, 524], [940, 630, 290, 219, 473, 495, 711, 304, 310, 850, 780, 258, 614, 340, 329, 865, 845, 531, 879, 197, 556, 365, 634, 423, 271, 653, 909, 356, 987, 680, 518, 528, 345, 470, 99, 132, 69, 888, 717, 476, 322, 703, 586, 343, 272, 184, 508, 415, 0, 881], [644, 382, 598, 918, 679, 835, 243, 839, 710, 774, 277, 718, 763, 941, 929, 240, 110, 359, 388, 688, 501, 695, 258, 464, 654, 412, 779, 615, 205, 268, 559, 354, 610, 425, 872, 785, 947, 179, 486, 1119, 1078, 446, 756, 641, 618, 923, 398, 524, 881, 0]]}