{"n": 50, "m": 50, "facilities": [{"i": 0, "x": 691, "y": 939}, {"i": 1, "x": 451, "y": 689}, {"i": 2, "x": 665, "y": 920}, {"i": 3, "x": 339, "y": 490}, {"i": 4, "x": 766, "y": 493}, {"i": 5, "x": 769, "y": 819}, {"i": 6, "x": 553, "y": 62}, {"i": 7, "x": 112, "y": 170}, {"i": 8, "x": 25, "y": 114}, {"i": 9, "x": 9, "y": 249}, {"i": 10, "x": 935, "y": 323}, {"i": 11, "x": 410, "y": 687}, {"i": 12, "x": 122, "y": 363}, {"i": 13, "x": 662, "y": 899}, {"i": 14, "x": 24, "y": 130}, {"i": 15, "x": 195, "y": 323}, {"i": 16, "x": 251, "y": 685}, {"i": 17, "x": 684, "y": 582}, {"i": 18, "x": 959, "y": 643}, {"i": 19, "x": 620, "y": 643}, {"i": 20, "x": 91, "y": 946}, {"i": 21, "x": 198, "y": 383}, {"i": 22, "x": 401, "y": 251}, {"i": 23, "x": 621, "y": 614}, {"i": 24, "x": 280, "y": 922}, {"i": 25, "x": 660, "y": 609}, {"i": 26, "x": 406, "y": 164}, {"i": 27, "x": 104, "y": 760}, {"i": 28, "x": 296, "y": 802}, {"i": 29, "x": 349, "y": 487}, {"i": 30, "x": 270, "y": 139}, {"i": 31, "x": 52, "y": 304}, {"i": 32, "x": 734, "y": 399}, {"i": 33, "x": 733, "y": 37}, {"i": 34, "x": 506, "y": 13}, {"i": 35, "x": 583, "y": 742}, {"i": 36, "x": 708, "y": 294}, {"i": 37, "x": 116, "y": 657}, {"i": 38, "x": 480, "y": 415}, {"i": 39, "x": 707, "y": 356}, {"i": 40, "x": 120, "y": 313}, {"i": 41, "x": 771, "y": 783}, {"i": 42, "x": 97, "y": 323}, {"i": 43, "x": 734, "y": 23}, {"i": 44, "x": 9, "y": 180}, {"i": 45, "x": 368, "y": 765}, {"i": 46, "x": 165, "y": 793}, {"i": 47, "x": 822, "y": 169}, {"i": 48, "x": 47, "y": 642}, {"i": 49, "x": 82, "y": 432}], "users": [{"i": 0, "x": 325, "y": 653}, {"i": 1, "x": 179, "y": 871}, {"i": 2, "x": 690, "y": 351}, {"i": 3, "x": 76, "y": 659}, {"i": 4, "x": 407, "y": 469}, {"i": 5, "x": 882, "y": 643}, {"i": 6, "x": 477, "y": 826}, {"i": 7, "x": 268, "y": 45}, {"i": 8, "x": 424, "y": 430}, {"i": 9, "x": 724, "y": 237}, {"i": 10, "x": 734, "y": 403}, {"i": 11, "x": 567, "y": 735}, {"i": 12, "x": 464, "y": 399}, {"i": 13, "x": 627, "y": 469}, {"i": 14, "x": 995, "y": 239}, {"i": 15, "x": 988, "y": 563}, {"i": 16, "x": 828, "y": 315}, {"i": 17, "x": 132, "y": 90}, {"i": 18, "x": 125, "y": 838}, {"i": 19, "x": 838, "y": 835}, {"i": 20, "x": 623, "y": 617}, {"i": 21, "x": 806, "y": 385}, {"i": 22, "x": 846, "y": 433}, {"i": 23, "x": 36, "y": 604}, {"i": 24, "x": 362, "y": 811}, {"i": 25, "x": 22, "y": 327}, {"i": 26, "x": 517, "y": 898}, {"i": 27, "x": 826, "y": 534}, {"i": 28, "x": 350, "y": 132}, {"i": 29, "x": 198, "y": 123}, {"i": 30, "x": 638, "y": 187}, {"i": 31, "x": 994, "y": 127}, {"i": 32, "x": 686, "y": 584}, {"i": 33, "x": 336, "y": 102}, {"i": 34, "x": 652, "y": 747}, {"i": 35, "x": 693, "y": 849}, {"i": 36, "x": 479, "y": 471}, {"i": 37, "x": 448, "y": 227}, {"i": 38, "x": 218, "y": 625}, {"i": 39, "x": 221, "y": 380}, {"i": 40, "x": 107, "y": 129}, {"i": 41, "x": 990, "y": 83}, {"i": 42, "x": 969, "y": 48}, {"i": 43, "x": 226, "y": 77}, {"i": 44, "x": 536, "y": 855}, {"i": 45, "x": 212, "y": 993}, {"i": 46, "x": 164, "y": 132}, {"i": 47, "x": 302, "y": 926}, {"i": 48, "x": 275, "y": 680}, {"i": 49, "x": 340, "y": 898}], "distances": [[464, 131, 432, 164, 469, 474, 633, 528, 617, 513, 694, 92, 354, 417, 603, 355, 81, 366, 634, 295, 375, 298, 409, 299, 273, 338, 496, 246, 152, 168, 517, 443, 481, 739, 665, 273, 525, 209, 284, 484, 397, 465, 401, 751, 569, 120, 213, 694, 278, 328], [516, 327, 488, 413, 698, 592, 891, 704, 773, 645, 934, 295, 511, 484, 757, 548, 199, 582, 813, 496, 116, 488, 659, 511, 113, 548, 743, 134, 136, 420, 738, 581, 729, 1001, 918, 424, 783, 223, 546, 738, 561, 599, 554, 1013, 712, 217, 79, 952, 264, 450], [588, 414, 570, 378, 161, 475, 320, 606, 706, 689, 247, 437, 568, 549, 702, 496, 552, 231, 397, 300, 844, 493, 306, 272, 703, 260, 340, 715, 599, 367, 470, 640, 65, 317, 385, 405, 60, 650, 220, 18, 571, 440, 594, 331, 702, 524, 686, 225, 706, 613], [676, 376, 644, 313, 710, 711, 764, 490, 547, 415, 922, 335, 300, 633, 532, 356, 177, 613, 883, 544, 287, 302, 522, 547, 333, 586, 595, 105, 262, 323, 555, 356, 708, 905, 776, 514, 730, 40, 472, 700, 349, 706, 337, 915, 484, 311, 161, 893, 34, 227], [549, 224, 520, 71, 360, 504, 432, 420, 521, 455, 548, 218, 304, 500, 511, 257, 266, 299, 579, 275, 572, 226, 218, 258, 470, 289, 305, 420, 351, 61, 357, 391, 334, 541, 467, 325, 348, 346, 91, 321, 327, 481, 343, 553, 492, 299, 404, 512, 399, 327], [352, 433, 352, 564, 190, 209, 668, 904, 1007, 958, 324, 474, 810, 338, 1000, 758, 632, 207, 77, 262, 847, 732, 621, 263, 664, 225, 675, 787, 607, 555, 793, 897, 285, 624, 734, 315, 390, 766, 462, 336, 830, 179, 848, 637, 988, 528, 733, 478, 835, 827], [242, 139, 210, 363, 441, 292, 768, 751, 843, 743, 680, 154, 583, 199, 830, 577, 266, 320, 516, 232, 404, 524, 580, 256, 219, 284, 666, 379, 183, 362, 718, 673, 498, 829, 814, 135, 580, 399, 411, 523, 625, 297, 630, 843, 798, 125, 314, 742, 468, 558], [989, 669, 961, 451, 670, 922, 286, 200, 253, 330, 723, 658, 350, 941, 258, 287, 640, 679, 914, 694, 918, 345, 245, 670, 877, 687, 182, 734, 758, 449, 94, 337, 585, 465, 240, 765, 506, 631, 426, 538, 306, 893, 326, 467, 292, 727, 755, 568, 637, 429], [575, 260, 546, 104, 348, 520, 390, 406, 509, 453, 522, 257, 309, 526, 500, 253, 308, 301, 576, 289, 614, 231, 180, 270, 513, 296, 267, 460, 393, 94, 329, 393, 312, 500, 425, 350, 315, 383, 58, 293, 326, 495, 344, 512, 484, 340, 446, 476, 433, 342], [703, 528, 686, 461, 259, 584, 245, 616, 710, 715, 228, 549, 615, 665, 708, 536, 651, 347, 469, 419, 950, 546, 323, 391, 816, 377, 326, 811, 709, 451, 464, 675, 162, 200, 313, 524, 59, 739, 302, 120, 609, 548, 633, 214, 717, 637, 788, 119, 789, 671], [538, 402, 522, 404, 96, 417, 386, 664, 766, 741, 216, 431, 613, 501, 761, 545, 559, 186, 329, 266, 842, 536, 366, 239, 690, 219, 406, 724, 592, 394, 534, 689, 4, 366, 452, 371, 112, 668, 254, 54, 621, 382, 642, 380, 759, 515, 690, 250, 727, 653], [239, 125, 209, 335, 313, 219, 673, 725, 824, 740, 552, 164, 580, 190, 813, 555, 320, 193, 403, 106, 521, 510, 512, 133, 343, 157, 593, 464, 279, 330, 666, 672, 375, 717, 725, 17, 463, 458, 332, 404, 615, 210, 625, 731, 787, 201, 406, 621, 528, 572], [586, 290, 558, 155, 316, 519, 349, 420, 523, 479, 477, 293, 344, 538, 516, 280, 357, 286, 552, 290, 662, 266, 161, 266, 554, 287, 242, 510, 437, 145, 324, 423, 270, 451, 388, 363, 266, 433, 23, 247, 355, 492, 375, 463, 505, 378, 495, 426, 483, 383], [474, 282, 453, 289, 141, 378, 414, 596, 699, 656, 341, 308, 516, 431, 692, 456, 434, 127, 375, 174, 718, 438, 314, 145, 571, 144, 377, 599, 470, 279, 486, 598, 128, 445, 472, 277, 193, 544, 157, 138, 530, 345, 550, 459, 682, 393, 564, 358, 605, 546], [763, 706, 757, 702, 342, 622, 476, 886, 978, 986, 103, 737, 882, 739, 977, 804, 867, 463, 406, 551, 1148, 810, 594, 530, 989, 499, 594, 1032, 898, 692, 732, 945, 306, 331, 539, 650, 292, 973, 544, 311, 878, 588, 902, 339, 988, 818, 998, 187, 1030, 933], [479, 552, 481, 653, 233, 337, 663, 960, 1063, 1028, 246, 591, 889, 468, 1057, 829, 747, 305, 85, 377, 975, 810, 665, 371, 794, 331, 706, 906, 732, 644, 834, 971, 302, 585, 731, 443, 388, 877, 529, 349, 903, 309, 923, 597, 1051, 652, 855, 428, 944, 915], [639, 531, 627, 519, 188, 507, 374, 731, 828, 822, 107, 560, 708, 607, 825, 633, 685, 303, 353, 388, 970, 634, 432, 364, 818, 339, 448, 850, 721, 509, 585, 776, 126, 294, 441, 492, 122, 790, 362, 128, 708, 471, 731, 307, 830, 644, 817, 146, 847, 755], [1017, 679, 986, 450, 751, 968, 422, 82, 110, 201, 836, 659, 273, 967, 115, 241, 607, 739, 995, 738, 857, 300, 313, 717, 845, 740, 284, 671, 731, 452, 146, 228, 677, 603, 382, 793, 611, 567, 476, 634, 223, 943, 236, 606, 152, 715, 704, 695, 559, 346], [575, 358, 546, 409, 728, 644, 886, 668, 731, 600, 960, 323, 475, 540, 715, 520, 198, 615, 856, 532, 113, 461, 649, 544, 176, 582, 730, 81, 175, 416, 714, 539, 751, 1006, 909, 468, 797, 181, 552, 756, 525, 648, 516, 1017, 668, 254, 60, 966, 211, 408], [180, 414, 193, 607, 349, 71, 824, 985, 1087, 1015, 521, 453, 858, 187, 1077, 822, 606, 296, 227, 290, 755, 784, 729, 310, 565, 288, 798, 738, 543, 600, 898, 949, 448, 805, 887, 271, 556, 744, 552, 497, 888, 85, 901, 819, 1057, 475, 674, 666, 814, 857], [329, 186, 306, 311, 189, 249, 559, 679, 781, 716, 429, 224, 562, 285, 772, 519, 378, 70, 337, 26, 626, 485, 428, 4, 459, 38, 502, 538, 376, 303, 594, 651, 245, 590, 615, 131, 334, 509, 247, 274, 588, 222, 603, 604, 754, 295, 491, 490, 577, 572], [566, 467, 553, 479, 115, 436, 410, 727, 827, 809, 143, 498, 684, 534, 823, 614, 631, 232, 300, 318, 909, 608, 427, 294, 752, 267, 457, 796, 659, 468, 590, 758, 73, 356, 478, 421, 134, 742, 327, 103, 690, 400, 712, 369, 823, 580, 760, 217, 801, 726], [529, 471, 520, 510, 100, 394, 473, 780, 881, 857, 141, 505, 727, 501, 876, 660, 646, 220, 238, 309, 913, 650, 481, 289, 748, 256, 516, 811, 662, 500, 647, 804, 117, 412, 540, 406, 196, 764, 366, 159, 736, 358, 757, 425, 874, 582, 770, 265, 826, 764], [736, 424, 704, 324, 738, 764, 749, 441, 490, 356, 942, 383, 256, 692, 474, 323, 230, 648, 924, 585, 346, 274, 508, 585, 401, 624, 575, 170, 327, 334, 521, 300, 727, 898, 755, 564, 740, 96, 483, 715, 303, 756, 288, 908, 425, 369, 229, 898, 40, 178], [353, 151, 322, 322, 514, 407, 773, 688, 774, 664, 753, 133, 508, 313, 760, 516, 168, 395, 620, 308, 303, 458, 561, 325, 138, 360, 648, 263, 67, 324, 678, 594, 555, 858, 811, 232, 622, 290, 413, 571, 554, 410, 555, 871, 723, 46, 198, 790, 357, 471], [907, 561, 875, 356, 762, 894, 593, 181, 213, 79, 913, 529, 106, 858, 197, 173, 425, 709, 989, 676, 623, 185, 387, 664, 649, 698, 417, 441, 548, 364, 311, 38, 716, 768, 577, 698, 687, 343, 466, 686, 99, 877, 75, 774, 148, 558, 487, 815, 316, 121], [179, 219, 150, 445, 475, 264, 837, 833, 926, 824, 711, 237, 665, 145, 913, 659, 341, 357, 510, 275, 429, 606, 657, 302, 238, 322, 742, 435, 241, 444, 798, 754, 544, 888, 885, 169, 633, 468, 484, 574, 707, 279, 712, 902, 880, 200, 367, 790, 535, 637], [427, 406, 418, 489, 73, 291, 545, 801, 904, 865, 237, 443, 724, 400, 898, 665, 594, 150, 172, 233, 843, 646, 511, 220, 670, 182, 560, 757, 594, 479, 682, 807, 163, 506, 611, 320, 267, 721, 366, 214, 740, 255, 759, 519, 890, 513, 710, 365, 786, 751], [876, 566, 849, 358, 551, 805, 215, 241, 325, 361, 615, 558, 325, 828, 326, 246, 562, 560, 795, 578, 854, 293, 129, 553, 793, 569, 64, 674, 672, 355, 80, 344, 468, 395, 196, 653, 393, 575, 311, 421, 293, 775, 317, 399, 344, 633, 686, 473, 593, 402], [953, 620, 924, 393, 678, 900, 360, 98, 173, 227, 764, 603, 252, 904, 174, 200, 564, 668, 922, 670, 830, 260, 240, 648, 803, 671, 212, 644, 686, 394, 74, 233, 603, 542, 327, 729, 538, 540, 406, 560, 205, 874, 224, 545, 197, 664, 671, 626, 541, 330], [754, 536, 733, 426, 332, 645, 151, 526, 617, 632, 327, 550, 545, 712, 617, 463, 631, 398, 558, 456, 936, 482, 245, 427, 818, 423, 233, 783, 704, 417, 371, 598, 233, 178, 218, 558, 128, 702, 277, 183, 533, 611, 558, 190, 629, 638, 769, 185, 746, 608], [867, 781, 859, 749, 431, 728, 446, 883, 969, 993, 205, 809, 903, 840, 970, 823, 929, 551, 517, 637, 1219, 836, 606, 613, 1069, 586, 589, 1092, 971, 739, 724, 958, 376, 276, 501, 740, 331, 1026, 589, 367, 894, 693, 918, 280, 986, 894, 1063, 177, 1078, 962], [355, 257, 337, 360, 121, 249, 539, 708, 811, 755, 361, 295, 606, 316, 803, 556, 447, 3, 279, 89, 696, 528, 438, 72, 528, 36, 505, 608, 447, 351, 609, 693, 191, 549, 599, 189, 291, 575, 266, 229, 628, 216, 644, 563, 788, 366, 561, 437, 642, 623], [909, 598, 882, 388, 581, 838, 221, 234, 311, 359, 638, 590, 338, 861, 313, 262, 589, 593, 825, 611, 879, 313, 163, 586, 822, 602, 94, 698, 701, 385, 76, 349, 497, 402, 192, 686, 419, 597, 345, 450, 302, 808, 326, 406, 336, 664, 712, 491, 612, 416], [196, 209, 173, 405, 278, 137, 692, 790, 891, 813, 510, 249, 654, 152, 880, 623, 406, 168, 324, 109, 595, 582, 556, 137, 411, 138, 633, 548, 360, 399, 718, 746, 358, 715, 748, 69, 456, 544, 374, 395, 687, 124, 698, 729, 857, 285, 489, 602, 614, 651], [90, 290, 76, 504, 363, 82, 799, 894, 993, 910, 579, 326, 750, 59, 982, 724, 471, 267, 336, 219, 610, 680, 665, 246, 419, 242, 743, 596, 400, 499, 826, 841, 452, 813, 857, 153, 555, 608, 483, 493, 785, 102, 795, 827, 957, 336, 531, 692, 678, 740], [514, 220, 486, 141, 288, 453, 416, 475, 578, 520, 479, 227, 373, 465, 569, 320, 313, 233, 510, 222, 613, 294, 233, 202, 493, 228, 316, 473, 378, 131, 392, 458, 265, 503, 459, 290, 289, 408, 56, 255, 392, 427, 410, 515, 553, 314, 450, 457, 465, 399], [752, 462, 726, 285, 415, 673, 196, 341, 438, 440, 496, 462, 353, 705, 435, 271, 499, 426, 659, 450, 803, 295, 53, 424, 715, 437, 76, 634, 595, 278, 199, 403, 334, 343, 222, 532, 268, 543, 191, 289, 339, 643, 364, 351, 442, 544, 633, 378, 577, 420], [568, 242, 536, 181, 564, 584, 655, 467, 546, 430, 778, 202, 279, 522, 532, 303, 68, 468, 741, 402, 345, 243, 416, 403, 303, 442, 498, 177, 193, 190, 489, 361, 563, 782, 676, 383, 591, 107, 336, 558, 327, 575, 325, 793, 492, 205, 176, 757, 172, 236], [730, 385, 699, 161, 557, 702, 460, 237, 330, 249, 716, 361, 100, 681, 318, 63, 306, 505, 783, 478, 581, 23, 221, 463, 545, 495, 284, 398, 429, 167, 246, 185, 513, 616, 465, 512, 495, 296, 261, 487, 121, 682, 136, 625, 291, 412, 417, 637, 315, 148], [999, 657, 968, 429, 753, 956, 451, 41, 83, 155, 850, 635, 234, 949, 83, 213, 574, 734, 995, 726, 817, 270, 318, 707, 812, 732, 301, 631, 699, 432, 163, 183, 683, 633, 416, 776, 623, 528, 470, 642, 184, 932, 194, 636, 110, 687, 667, 716, 516, 304], [907, 811, 898, 768, 467, 768, 438, 882, 965, 995, 246, 837, 912, 879, 967, 830, 953, 585, 561, 671, 1246, 847, 612, 647, 1099, 621, 590, 1115, 999, 758, 722, 964, 407, 261, 489, 775, 352, 1046, 609, 393, 900, 733, 925, 263, 986, 923, 1088, 189, 1096, 973], [933, 824, 923, 770, 489, 797, 416, 866, 946, 981, 277, 849, 904, 905, 949, 821, 960, 605, 595, 690, 1256, 841, 603, 664, 1113, 640, 575, 1120, 1011, 760, 705, 952, 422, 236, 464, 794, 359, 1048, 611, 404, 889, 761, 914, 236, 969, 936, 1096, 190, 1097, 967], [979, 652, 950, 428, 682, 919, 327, 147, 204, 277, 750, 637, 304, 930, 209, 248, 609, 682, 926, 690, 879, 307, 247, 667, 847, 687, 200, 694, 728, 428, 76, 286, 601, 509, 287, 755, 529, 590, 423, 556, 259, 892, 278, 511, 240, 703, 719, 603, 593, 383], [176, 186, 144, 415, 429, 236, 793, 806, 900, 803, 665, 210, 643, 133, 888, 632, 332, 311, 473, 228, 454, 581, 619, 256, 265, 275, 703, 442, 246, 413, 764, 733, 497, 841, 843, 122, 587, 464, 444, 527, 683, 246, 690, 855, 856, 191, 376, 743, 533, 621], [482, 387, 459, 519, 746, 584, 991, 829, 899, 771, 986, 364, 636, 460, 883, 670, 310, 626, 825, 538, 130, 610, 766, 558, 98, 590, 851, 257, 209, 524, 856, 707, 791, 1089, 1023, 448, 857, 349, 637, 807, 686, 597, 680, 1102, 838, 276, 205, 1025, 388, 576], [964, 627, 934, 398, 702, 915, 395, 64, 140, 194, 794, 607, 235, 914, 140, 193, 560, 688, 945, 685, 817, 253, 265, 664, 798, 688, 244, 631, 683, 400, 106, 205, 629, 577, 362, 740, 568, 527, 424, 587, 186, 890, 202, 580, 162, 665, 661, 659, 523, 311], [389, 280, 363, 438, 635, 479, 900, 780, 858, 738, 874, 262, 591, 361, 843, 612, 246, 514, 715, 426, 212, 553, 682, 446, 22, 478, 769, 258, 124, 442, 788, 670, 681, 988, 936, 336, 751, 327, 541, 699, 639, 490, 637, 1001, 801, 174, 191, 918, 382, 541], [490, 176, 458, 200, 525, 513, 678, 535, 619, 506, 750, 135, 352, 445, 605, 366, 25, 421, 685, 347, 323, 307, 447, 352, 242, 391, 532, 189, 124, 207, 541, 437, 538, 789, 706, 314, 580, 161, 335, 540, 398, 507, 399, 801, 566, 126, 158, 749, 231, 314], [353, 237, 326, 408, 588, 436, 863, 763, 845, 729, 827, 222, 578, 322, 830, 593, 231, 467, 669, 379, 254, 534, 650, 400, 65, 431, 737, 273, 106, 411, 762, 660, 636, 946, 900, 289, 707, 329, 503, 655, 625, 446, 624, 960, 791, 136, 204, 874, 389, 533]], "facilities_distances": [[0, 347, 32, 571, 452, 143, 888, 963, 1060, 970, 663, 377, 810, 49, 1049, 791, 508, 357, 399, 304, 600, 743, 747, 332, 411, 331, 826, 614, 418, 567, 904, 901, 542, 903, 944, 225, 645, 640, 565, 583, 847, 175, 856, 917, 1020, 367, 546, 781, 709, 792], [347, 0, 315, 228, 371, 344, 635, 620, 716, 624, 607, 41, 463, 298, 703, 447, 200, 256, 510, 175, 442, 397, 441, 186, 289, 224, 527, 354, 192, 226, 579, 554, 405, 710, 678, 142, 471, 337, 276, 420, 501, 334, 509, 724, 674, 113, 304, 639, 407, 450], [32, 315, 0, 540, 439, 145, 865, 932, 1029, 938, 655, 345, 778, 21, 1017, 760, 476, 339, 404, 281, 575, 712, 719, 309, 385, 311, 799, 583, 387, 536, 875, 869, 526, 886, 921, 196, 627, 609, 538, 566, 816, 173, 824, 900, 989, 335, 516, 767, 678, 760], [571, 228, 540, 0, 427, 541, 479, 392, 490, 409, 619, 209, 251, 521, 478, 221, 214, 357, 639, 320, 519, 177, 247, 308, 436, 342, 333, 358, 315, 10, 358, 342, 405, 600, 505, 351, 418, 279, 160, 392, 282, 522, 294, 612, 453, 277, 349, 580, 329, 263], [452, 371, 439, 427, 0, 326, 481, 729, 832, 795, 240, 405, 657, 419, 826, 596, 550, 121, 244, 209, 813, 579, 438, 189, 648, 157, 488, 714, 562, 417, 609, 739, 99, 457, 546, 309, 207, 670, 296, 149, 671, 290, 690, 471, 819, 482, 672, 329, 734, 687], [143, 344, 145, 541, 326, 0, 787, 923, 1025, 950, 523, 382, 792, 134, 1015, 759, 535, 252, 259, 231, 690, 718, 677, 253, 500, 237, 749, 668, 473, 535, 843, 883, 421, 783, 848, 201, 529, 673, 497, 467, 823, 36, 835, 797, 993, 405, 605, 652, 743, 789], [888, 635, 865, 479, 481, 787, 0, 454, 531, 575, 463, 641, 526, 844, 533, 443, 692, 536, 709, 585, 997, 479, 243, 556, 902, 557, 179, 830, 783, 471, 293, 556, 383, 182, 68, 681, 279, 738, 360, 332, 500, 753, 525, 185, 557, 727, 828, 289, 770, 599], [963, 620, 932, 392, 729, 923, 454, 0, 103, 130, 837, 597, 193, 913, 97, 174, 533, 705, 970, 694, 776, 230, 300, 675, 771, 702, 294, 590, 658, 396, 161, 147, 663, 635, 424, 741, 609, 487, 442, 623, 143, 900, 154, 639, 103, 648, 625, 710, 476, 264], [1060, 716, 1029, 490, 832, 1025, 531, 103, 0, 136, 934, 690, 267, 1011, 16, 269, 614, 808, 1073, 796, 835, 320, 400, 778, 847, 805, 384, 651, 739, 494, 246, 192, 764, 712, 491, 840, 706, 551, 546, 724, 221, 1002, 221, 715, 68, 736, 693, 799, 528, 323], [970, 624, 938, 409, 795, 950, 575, 130, 136, 0, 929, 594, 161, 921, 120, 200, 499, 753, 1028, 727, 702, 232, 392, 713, 726, 744, 406, 520, 623, 415, 283, 70, 740, 754, 550, 757, 700, 422, 499, 706, 128, 930, 115, 759, 69, 629, 566, 817, 395, 197], [663, 607, 655, 619, 240, 523, 463, 837, 934, 929, 0, 639, 814, 637, 931, 740, 774, 361, 321, 449, 1049, 739, 539, 428, 888, 397, 552, 939, 799, 609, 690, 883, 215, 350, 529, 547, 229, 884, 464, 230, 815, 488, 838, 361, 937, 719, 902, 191, 944, 860], [377, 41, 345, 209, 405, 382, 641, 597, 690, 594, 639, 0, 433, 329, 678, 423, 159, 293, 551, 215, 411, 371, 436, 223, 269, 262, 523, 315, 162, 209, 566, 524, 433, 726, 681, 182, 493, 296, 281, 445, 473, 374, 480, 739, 646, 89, 267, 662, 366, 415], [810, 463, 778, 251, 657, 792, 526, 193, 267, 161, 814, 433, 0, 761, 253, 83, 347, 603, 883, 571, 584, 79, 301, 559, 581, 592, 347, 397, 472, 259, 268, 92, 613, 693, 520, 597, 590, 294, 362, 585, 50, 773, 47, 700, 215, 471, 432, 726, 289, 80], [49, 298, 21, 521, 419, 134, 844, 913, 1011, 921, 637, 329, 761, 0, 999, 742, 463, 318, 392, 259, 573, 694, 699, 288, 383, 290, 778, 575, 379, 517, 855, 852, 505, 865, 900, 176, 607, 597, 517, 545, 798, 159, 807, 879, 971, 323, 508, 747, 667, 745], [1049, 703, 1017, 478, 826, 1015, 533, 97, 16, 120, 931, 678, 253, 999, 0, 258, 600, 800, 1066, 786, 819, 307, 396, 769, 832, 796, 384, 635, 725, 483, 246, 176, 759, 715, 496, 829, 703, 535, 538, 719, 207, 992, 206, 718, 52, 722, 678, 799, 513, 308], [791, 447, 760, 221, 596, 759, 443, 174, 269, 200, 740, 423, 83, 742, 258, 0, 366, 553, 828, 532, 632, 60, 218, 516, 605, 546, 264, 446, 490, 225, 199, 144, 544, 609, 439, 571, 514, 343, 299, 513, 76, 737, 98, 617, 235, 475, 471, 646, 352, 157], [508, 200, 476, 214, 550, 535, 692, 533, 614, 499, 774, 159, 347, 463, 600, 366, 0, 445, 709, 371, 306, 307, 459, 377, 239, 416, 544, 165, 125, 221, 546, 430, 561, 808, 719, 337, 601, 138, 354, 562, 394, 529, 393, 819, 560, 142, 138, 770, 208, 304], [357, 256, 339, 357, 121, 252, 536, 705, 808, 753, 361, 293, 603, 318, 800, 553, 445, 0, 282, 88, 696, 525, 435, 71, 528, 36, 502, 607, 446, 348, 606, 690, 190, 547, 596, 189, 289, 573, 264, 227, 625, 219, 642, 561, 786, 365, 560, 435, 640, 620], [399, 510, 404, 639, 244, 259, 709, 970, 1073, 1028, 321, 551, 883, 392, 1066, 828, 709, 282, 0, 339, 919, 804, 682, 339, 734, 301, 732, 863, 682, 630, 854, 968, 332, 647, 776, 389, 430, 843, 530, 382, 902, 234, 919, 660, 1057, 603, 808, 493, 912, 902], [304, 175, 281, 320, 209, 231, 585, 694, 796, 727, 449, 215, 571, 259, 786, 532, 371, 88, 339, 0, 610, 496, 449, 29, 440, 52, 525, 529, 361, 313, 614, 661, 269, 616, 640, 106, 360, 504, 268, 300, 599, 206, 613, 630, 767, 280, 479, 515, 573, 578], [600, 442, 575, 519, 813, 690, 997, 776, 835, 702, 1049, 411, 584, 573, 819, 632, 306, 696, 919, 610, 0, 573, 761, 625, 191, 661, 843, 186, 251, 527, 827, 643, 844, 1113, 1021, 533, 898, 290, 658, 853, 634, 699, 623, 1125, 770, 331, 170, 1067, 307, 514], [743, 397, 712, 177, 579, 718, 479, 230, 320, 232, 739, 371, 79, 694, 307, 60, 307, 525, 804, 496, 573, 0, 242, 482, 545, 514, 302, 389, 430, 183, 254, 166, 536, 637, 481, 526, 518, 286, 284, 510, 105, 699, 117, 646, 277, 418, 411, 660, 300, 126], [747, 441, 719, 247, 438, 677, 243, 300, 400, 392, 539, 436, 301, 699, 396, 218, 459, 435, 682, 449, 761, 242, 0, 424, 682, 442, 87, 589, 561, 242, 172, 353, 364, 395, 260, 524, 310, 496, 182, 324, 288, 648, 312, 404, 398, 515, 591, 429, 527, 367], [332, 186, 309, 308, 189, 253, 556, 675, 778, 713, 428, 223, 559, 288, 769, 516, 377, 71, 339, 29, 625, 482, 424, 0, 460, 39, 499, 537, 375, 300, 591, 648, 243, 588, 612, 134, 332, 507, 244, 272, 584, 226, 599, 602, 750, 295, 490, 488, 575, 569], [411, 289, 385, 436, 648, 500, 902, 771, 847, 726, 888, 269, 581, 383, 832, 605, 239, 528, 734, 440, 191, 545, 682, 460, 0, 492, 768, 239, 121, 440, 783, 659, 693, 994, 937, 352, 760, 312, 545, 709, 630, 510, 626, 1007, 790, 180, 173, 928, 364, 528], [331, 224, 311, 342, 157, 237, 557, 702, 805, 744, 397, 262, 592, 290, 796, 546, 416, 36, 301, 52, 661, 514, 442, 39, 492, 0, 512, 576, 412, 334, 611, 680, 223, 577, 616, 154, 319, 546, 265, 257, 616, 206, 631, 591, 780, 331, 528, 469, 614, 604], [826, 527, 799, 333, 488, 749, 179, 294, 384, 406, 552, 523, 347, 778, 384, 264, 544, 502, 732, 525, 843, 302, 87, 499, 768, 512, 0, 668, 647, 328, 138, 381, 403, 351, 181, 604, 329, 572, 262, 357, 322, 719, 348, 357, 397, 602, 674, 416, 598, 420], [614, 354, 583, 358, 714, 668, 830, 590, 651, 520, 939, 315, 397, 575, 635, 446, 165, 607, 863, 529, 186, 389, 589, 537, 239, 576, 668, 0, 197, 367, 643, 459, 726, 958, 848, 479, 763, 104, 510, 726, 447, 667, 437, 970, 588, 264, 69, 930, 131, 329], [418, 192, 387, 315, 562, 473, 783, 658, 739, 623, 799, 162, 472, 379, 725, 490, 125, 446, 682, 361, 251, 430, 561, 375, 121, 412, 647, 197, 0, 319, 664, 555, 595, 881, 816, 293, 654, 231, 429, 606, 520, 475, 519, 894, 685, 81, 131, 823, 296, 427], [567, 226, 536, 10, 417, 535, 471, 396, 494, 415, 609, 209, 259, 517, 483, 225, 221, 348, 630, 313, 527, 183, 242, 300, 440, 334, 328, 367, 319, 0, 357, 349, 395, 592, 499, 346, 408, 288, 149, 381, 288, 515, 301, 603, 458, 279, 357, 570, 339, 273], [904, 579, 875, 358, 609, 843, 293, 161, 246, 283, 690, 566, 268, 855, 246, 199, 546, 606, 854, 614, 827, 254, 172, 591, 783, 611, 138, 643, 664, 357, 0, 273, 532, 474, 268, 679, 465, 540, 347, 488, 230, 816, 253, 478, 264, 634, 662, 553, 550, 348], [901, 554, 869, 342, 739, 883, 556, 147, 192, 70, 883, 524, 92, 852, 176, 144, 430, 690, 968, 661, 643, 166, 353, 648, 659, 680, 381, 459, 555, 349, 273, 0, 689, 731, 539, 688, 656, 359, 442, 657, 69, 864, 49, 738, 131, 559, 502, 782, 338, 131], [542, 405, 526, 405, 99, 421, 383, 663, 764, 740, 215, 433, 613, 505, 759, 544, 561, 190, 332, 269, 844, 536, 364, 243, 693, 223, 403, 726, 595, 395, 532, 689, 0, 362, 448, 375, 108, 670, 255, 51, 620, 386, 642, 376, 757, 518, 692, 246, 729, 653], [903, 710, 886, 600, 457, 783, 182, 635, 712, 754, 350, 726, 693, 865, 715, 609, 808, 547, 647, 616, 1113, 637, 395, 588, 994, 577, 351, 958, 881, 592, 474, 731, 362, 0, 228, 721, 258, 875, 455, 320, 672, 747, 697, 14, 738, 814, 946, 159, 915, 761], [944, 678, 921, 505, 546, 848, 68, 424, 491, 550, 529, 681, 520, 900, 496, 439, 719, 596, 776, 640, 1021, 481, 260, 612, 937, 616, 181, 848, 816, 499, 268, 539, 448, 228, 0, 733, 346, 753, 403, 398, 489, 814, 513, 228, 524, 765, 851, 352, 779, 596], [225, 142, 196, 351, 309, 201, 681, 741, 840, 757, 547, 182, 597, 176, 829, 571, 337, 189, 389, 106, 533, 526, 524, 134, 352, 154, 604, 479, 293, 346, 679, 688, 375, 721, 733, 0, 465, 475, 343, 405, 631, 192, 642, 735, 803, 216, 421, 621, 545, 589], [645, 471, 627, 418, 207, 529, 279, 609, 706, 700, 229, 493, 590, 607, 703, 514, 601, 289, 430, 360, 898, 518, 310, 332, 760, 319, 329, 763, 654, 408, 465, 656, 108, 258, 346, 465, 0, 694, 258, 62, 588, 493, 612, 272, 708, 581, 737, 169, 747, 641], [640, 337, 609, 279, 670, 673, 738, 487, 551, 422, 884, 296, 294, 597, 535, 343, 138, 573, 843, 504, 290, 286, 496, 507, 312, 546, 572, 104, 231, 288, 540, 359, 670, 875, 753, 475, 694, 0, 437, 663, 344, 667, 335, 885, 489, 274, 145, 858, 71, 228], [565, 276, 538, 160, 296, 497, 360, 442, 546, 499, 464, 281, 362, 517, 538, 299, 354, 264, 530, 268, 658, 284, 182, 244, 545, 265, 262, 510, 429, 149, 347, 442, 255, 455, 403, 343, 258, 437, 0, 235, 374, 469, 394, 467, 526, 367, 492, 421, 489, 398], [583, 420, 566, 392, 149, 467, 332, 623, 724, 706, 230, 445, 585, 545, 719, 513, 562, 227, 382, 300, 853, 510, 324, 272, 709, 257, 357, 726, 606, 381, 488, 657, 51, 320, 398, 405, 62, 663, 235, 0, 589, 432, 611, 334, 720, 531, 696, 220, 719, 630], [847, 501, 816, 282, 671, 823, 500, 143, 221, 128, 815, 473, 50, 798, 207, 76, 394, 625, 902, 599, 634, 105, 288, 584, 630, 616, 322, 447, 520, 288, 230, 69, 620, 672, 489, 631, 588, 344, 374, 589, 0, 803, 25, 679, 173, 516, 482, 717, 337, 125], [175, 334, 173, 522, 290, 36, 753, 900, 1002, 930, 488, 374, 773, 159, 992, 737, 529, 219, 234, 206, 699, 699, 648, 226, 510, 206, 719, 667, 475, 515, 816, 864, 386, 747, 814, 192, 493, 667, 469, 432, 803, 0, 816, 761, 972, 403, 606, 616, 738, 773], [856, 509, 824, 294, 690, 835, 525, 154, 221, 115, 838, 480, 47, 807, 206, 98, 393, 642, 919, 613, 623, 117, 312, 599, 626, 631, 348, 437, 519, 301, 253, 49, 642, 697, 513, 642, 612, 335, 394, 611, 25, 816, 0, 704, 168, 518, 475, 741, 323, 110], [917, 724, 900, 612, 471, 797, 185, 639, 715, 759, 361, 739, 700, 879, 718, 617, 819, 561, 660, 630, 1125, 646, 404, 602, 1007, 591, 357, 970, 894, 603, 478, 738, 376, 14, 228, 735, 272, 885, 467, 334, 679, 761, 704, 0, 742, 827, 957, 170, 925, 770], [1020, 674, 989, 453, 819, 993, 557, 103, 68, 69, 937, 646, 215, 971, 52, 235, 560, 786, 1057, 767, 770, 277, 398, 750, 790, 780, 397, 588, 685, 458, 264, 131, 757, 738, 524, 803, 708, 489, 526, 720, 173, 972, 168, 742, 0, 686, 633, 813, 464, 262], [367, 113, 335, 277, 482, 405, 727, 648, 736, 629, 719, 89, 471, 323, 722, 475, 142, 365, 603, 280, 331, 418, 515, 295, 180, 331, 602, 264, 81, 279, 634, 559, 518, 814, 765, 216, 581, 274, 367, 531, 516, 403, 518, 827, 686, 0, 205, 749, 344, 439], [546, 304, 516, 349, 672, 605, 828, 625, 693, 566, 902, 267, 432, 508, 678, 471, 138, 560, 808, 479, 170, 411, 591, 490, 173, 528, 674, 69, 131, 357, 662, 502, 692, 946, 851, 421, 737, 145, 492, 696, 482, 606, 475, 957, 633, 205, 0, 906, 192, 370], [781, 639, 767, 580, 329, 652, 289, 710, 799, 817, 191, 662, 726, 747, 799, 646, 770, 435, 493, 515, 1067, 660, 429, 488, 928, 469, 416, 930, 823, 570, 553, 782, 246, 159, 352, 621, 169, 858, 421, 220, 717, 616, 741, 170, 813, 749, 906, 0, 908, 785], [709, 407, 678, 329, 734, 743, 770, 476, 528, 395, 944, 366, 289, 667, 513, 352, 208, 640, 912, 573, 307, 300, 527, 575, 364, 614, 598, 131, 296, 339, 550, 338, 729, 915, 779, 545, 747, 71, 489, 719, 337, 738, 323, 925, 464, 344, 192, 908, 0, 213], [792, 450, 760, 263, 687, 789, 599, 264, 323, 197, 860, 415, 80, 745, 308, 157, 304, 620, 902, 578, 514, 126, 367, 569, 528, 604, 420, 329, 427, 273, 348, 131, 653, 761, 596, 589, 641, 228, 398, 630, 125, 773, 110, 770, 262, 439, 370, 785, 213, 0]]}