{"n": 50, "m": 50, "facilities": [{"i": 0, "x": 635, "y": 907}, {"i": 1, "x": 592, "y": 97}, {"i": 2, "x": 215, "y": 406}, {"i": 3, "x": 306, "y": 371}, {"i": 4, "x": 679, "y": 141}, {"i": 5, "x": 490, "y": 833}, {"i": 6, "x": 241, "y": 803}, {"i": 7, "x": 30, "y": 534}, {"i": 8, "x": 877, "y": 86}, {"i": 9, "x": 264, "y": 752}, {"i": 10, "x": 410, "y": 687}, {"i": 11, "x": 880, "y": 2}, {"i": 12, "x": 283, "y": 131}, {"i": 13, "x": 806, "y": 486}, {"i": 14, "x": 173, "y": 387}, {"i": 15, "x": 533, "y": 126}, {"i": 16, "x": 629, "y": 716}, {"i": 17, "x": 193, "y": 299}, {"i": 18, "x": 352, "y": 828}, {"i": 19, "x": 195, "y": 411}, {"i": 20, "x": 448, "y": 896}, {"i": 21, "x": 294, "y": 237}, {"i": 22, "x": 641, "y": 98}, {"i": 23, "x": 405, "y": 120}, {"i": 24, "x": 995, "y": 638}, {"i": 25, "x": 851, "y": 316}, {"i": 26, "x": 550, "y": 126}, {"i": 27, "x": 79, "y": 251}, {"i": 28, "x": 31, "y": 418}, {"i": 29, "x": 767, "y": 295}, {"i": 30, "x": 999, "y": 882}, {"i": 31, "x": 349, "y": 959}, {"i": 32, "x": 959, "y": 742}, {"i": 33, "x": 82, "y": 704}, {"i": 34, "x": 285, "y": 242}, {"i": 35, "x": 243, "y": 807}, {"i": 36, "x": 730, "y": 86}, {"i": 37, "x": 238, "y": 234}, {"i": 38, "x": 355, "y": 185}, {"i": 39, "x": 311, "y": 935}, {"i": 40, "x": 721, "y": 626}, {"i": 41, "x": 50, "y": 150}, {"i": 42, "x": 512, "y": 272}, {"i": 43, "x": 387, "y": 619}, {"i": 44, "x": 674, "y": 374}, {"i": 45, "x": 684, "y": 168}, {"i": 46, "x": 977, "y": 625}, {"i": 47, "x": 513, "y": 1000}, {"i": 48, "x": 654, "y": 249}, {"i": 49, "x": 48, "y": 375}], "users": [{"i": 0, "x": 978, "y": 968}, {"i": 1, "x": 319, "y": 939}, {"i": 2, "x": 556, "y": 635}, {"i": 3, "x": 291, "y": 877}, {"i": 4, "x": 973, "y": 786}, {"i": 5, "x": 348, "y": 154}, {"i": 6, "x": 470, "y": 177}, {"i": 7, "x": 79, "y": 829}, {"i": 8, "x": 360, "y": 784}, {"i": 9, "x": 438, "y": 667}, {"i": 10, "x": 62, "y": 654}, {"i": 11, "x": 231, "y": 892}, {"i": 12, "x": 521, "y": 219}, {"i": 13, "x": 818, "y": 94}, {"i": 14, "x": 597, "y": 440}, {"i": 15, "x": 986, "y": 160}, {"i": 16, "x": 251, "y": 160}, {"i": 17, "x": 744, "y": 867}, {"i": 18, "x": 295, "y": 712}, {"i": 19, "x": 754, "y": 835}, {"i": 20, "x": 558, "y": 30}, {"i": 21, "x": 132, "y": 300}, {"i": 22, "x": 586, "y": 21}, {"i": 23, "x": 936, "y": 775}, {"i": 24, "x": 976, "y": 759}, {"i": 25, "x": 142, "y": 222}, {"i": 26, "x": 164, "y": 734}, {"i": 27, "x": 768, "y": 794}, {"i": 28, "x": 473, "y": 675}, {"i": 29, "x": 834, "y": 257}, {"i": 30, "x": 826, "y": 799}, {"i": 31, "x": 887, "y": 427}, {"i": 32, "x": 501, "y": 703}, {"i": 33, "x": 856, "y": 339}, {"i": 34, "x": 296, "y": 435}, {"i": 35, "x": 935, "y": 68}, {"i": 36, "x": 625, "y": 592}, {"i": 37, "x": 794, "y": 623}, {"i": 38, "x": 212, "y": 200}, {"i": 39, "x": 220, "y": 543}, {"i": 40, "x": 84, "y": 704}, {"i": 41, "x": 537, "y": 497}, {"i": 42, "x": 206, "y": 977}, {"i": 43, "x": 42, "y": 506}, {"i": 44, "x": 779, "y": 9}, {"i": 45, "x": 553, "y": 575}, {"i": 46, "x": 842, "y": 809}, {"i": 47, "x": 28, "y": 156}, {"i": 48, "x": 927, "y": 911}, {"i": 49, "x": 417, "y": 300}], "distances": [[348, 953, 948, 899, 879, 506, 755, 1043, 888, 746, 634, 971, 1088, 512, 993, 952, 430, 1031, 641, 961, 535, 1001, 933, 1023, 330, 664, 945, 1150, 1095, 705, 89, 629, 227, 934, 1004, 752, 916, 1042, 1001, 668, 428, 1237, 838, 686, 667, 852, 343, 466, 789, 1103], [318, 885, 543, 568, 875, 201, 157, 498, 1019, 195, 268, 1092, 809, 665, 571, 841, 382, 652, 116, 542, 136, 702, 901, 824, 740, 819, 845, 729, 595, 784, 682, 36, 670, 334, 698, 152, 947, 710, 755, 9, 509, 834, 694, 327, 667, 853, 729, 203, 767, 626], [283, 539, 411, 364, 509, 209, 357, 536, 636, 315, 155, 711, 573, 291, 456, 510, 109, 495, 281, 425, 282, 476, 544, 537, 439, 434, 509, 612, 568, 400, 507, 384, 417, 479, 477, 357, 576, 512, 493, 387, 165, 701, 366, 170, 286, 484, 421, 368, 398, 571], [345, 836, 477, 506, 832, 204, 89, 431, 984, 128, 224, 1055, 746, 647, 504, 789, 374, 586, 78, 476, 158, 640, 854, 766, 743, 793, 794, 661, 528, 752, 708, 100, 682, 271, 635, 85, 905, 645, 695, 61, 498, 766, 644, 275, 632, 811, 731, 254, 725, 558], [359, 787, 848, 786, 709, 485, 732, 976, 707, 710, 572, 789, 951, 343, 894, 793, 351, 920, 622, 864, 536, 873, 764, 875, 150, 486, 784, 1042, 1011, 532, 99, 648, 46, 895, 877, 730, 741, 919, 862, 679, 299, 1121, 690, 609, 509, 682, 161, 507, 625, 1012], [806, 251, 285, 221, 331, 694, 658, 496, 533, 604, 537, 553, 69, 566, 291, 187, 628, 212, 674, 299, 749, 99, 298, 66, 808, 528, 204, 286, 413, 442, 977, 805, 848, 611, 108, 661, 388, 136, 32, 782, 602, 298, 202, 467, 393, 336, 786, 862, 320, 373], [748, 146, 343, 254, 212, 656, 667, 567, 417, 611, 514, 446, 193, 456, 364, 81, 562, 303, 662, 361, 719, 186, 188, 86, 699, 406, 95, 398, 501, 320, 881, 791, 747, 654, 196, 670, 275, 239, 115, 774, 514, 421, 104, 450, 284, 214, 677, 824, 198, 466], [561, 894, 444, 511, 913, 411, 164, 299, 1090, 200, 360, 1151, 727, 804, 452, 837, 561, 542, 273, 434, 375, 630, 922, 780, 936, 927, 846, 578, 414, 871, 922, 300, 884, 125, 622, 165, 988, 616, 701, 255, 673, 680, 706, 373, 749, 896, 921, 466, 817, 455], [301, 725, 405, 417, 718, 139, 121, 414, 869, 101, 109, 939, 658, 536, 439, 680, 277, 513, 45, 408, 142, 551, 741, 666, 652, 678, 685, 603, 492, 636, 646, 175, 600, 289, 547, 119, 790, 563, 599, 159, 394, 706, 534, 167, 516, 696, 637, 265, 610, 514], [310, 590, 343, 324, 579, 174, 239, 429, 728, 194, 34, 798, 558, 410, 386, 549, 197, 442, 183, 353, 229, 453, 604, 548, 558, 542, 552, 549, 477, 497, 601, 305, 526, 358, 452, 240, 650, 477, 489, 297, 286, 646, 402, 70, 376, 556, 541, 341, 471, 487], [626, 769, 291, 374, 802, 464, 233, 124, 993, 225, 350, 1046, 568, 763, 289, 708, 570, 378, 338, 277, 456, 477, 803, 635, 933, 858, 719, 403, 238, 791, 964, 419, 901, 54, 468, 237, 877, 455, 553, 375, 660, 504, 590, 327, 673, 789, 915, 568, 717, 279], [404, 873, 486, 526, 874, 266, 90, 411, 1033, 144, 272, 1101, 763, 704, 508, 823, 435, 594, 137, 482, 217, 658, 894, 791, 805, 846, 830, 659, 514, 802, 768, 136, 743, 240, 652, 86, 948, 658, 718, 91, 558, 764, 681, 314, 682, 854, 792, 302, 770, 548], [697, 141, 359, 263, 176, 615, 648, 583, 380, 592, 481, 419, 254, 391, 386, 94, 509, 338, 632, 378, 681, 228, 170, 153, 633, 344, 97, 443, 529, 257, 817, 760, 682, 654, 237, 650, 248, 283, 169, 746, 453, 476, 54, 422, 218, 171, 611, 781, 136, 498], [833, 226, 679, 582, 147, 809, 914, 903, 60, 860, 720, 111, 536, 392, 708, 287, 650, 658, 869, 699, 883, 543, 177, 414, 572, 224, 270, 755, 851, 207, 809, 984, 663, 956, 553, 916, 88, 597, 472, 982, 541, 770, 354, 679, 315, 153, 554, 956, 226, 820], [469, 343, 384, 299, 310, 407, 508, 575, 451, 456, 310, 521, 441, 214, 427, 320, 278, 428, 459, 403, 480, 365, 345, 373, 445, 283, 317, 551, 566, 223, 597, 575, 471, 579, 370, 510, 378, 414, 352, 572, 224, 619, 188, 276, 101, 286, 423, 566, 199, 553], [825, 399, 809, 712, 308, 836, 984, 1027, 132, 934, 781, 190, 704, 372, 844, 454, 661, 805, 921, 830, 912, 696, 351, 582, 478, 206, 437, 912, 989, 257, 722, 1022, 583, 1055, 706, 985, 266, 752, 631, 1028, 536, 936, 487, 755, 378, 302, 465, 964, 344, 962], [840, 347, 249, 218, 428, 714, 643, 434, 630, 592, 550, 649, 43, 644, 240, 284, 672, 151, 676, 257, 762, 88, 395, 159, 884, 620, 301, 195, 339, 533, 1040, 805, 917, 570, 89, 647, 485, 75, 107, 777, 662, 201, 284, 479, 474, 433, 862, 880, 413, 296], [116, 785, 702, 662, 729, 256, 507, 788, 792, 494, 379, 876, 868, 386, 746, 770, 190, 791, 394, 714, 297, 774, 776, 820, 340, 561, 766, 906, 843, 572, 255, 406, 249, 682, 775, 505, 781, 810, 785, 438, 242, 998, 639, 435, 498, 702, 336, 267, 625, 852], [392, 683, 316, 341, 688, 229, 106, 319, 855, 51, 118, 920, 581, 559, 347, 632, 334, 425, 129, 317, 239, 475, 705, 602, 704, 683, 639, 509, 395, 630, 724, 253, 665, 213, 470, 108, 762, 481, 530, 224, 435, 613, 491, 131, 508, 669, 688, 361, 586, 418], [139, 756, 689, 645, 698, 264, 514, 784, 759, 497, 374, 842, 847, 353, 734, 743, 173, 776, 402, 702, 312, 754, 746, 796, 311, 528, 738, 893, 835, 540, 249, 424, 225, 685, 756, 512, 749, 792, 763, 454, 212, 982, 613, 426, 468, 671, 306, 292, 594, 843], [880, 75, 509, 424, 164, 806, 835, 730, 324, 780, 673, 323, 293, 519, 525, 99, 690, 453, 824, 526, 873, 335, 107, 178, 749, 409, 96, 528, 654, 337, 959, 952, 817, 825, 346, 838, 181, 379, 255, 938, 618, 522, 246, 613, 363, 187, 728, 971, 239, 616], [788, 503, 135, 188, 570, 642, 515, 255, 775, 471, 477, 805, 227, 699, 96, 437, 648, 61, 572, 128, 675, 174, 548, 327, 927, 719, 453, 72, 155, 635, 1044, 694, 938, 407, 164, 519, 635, 125, 251, 660, 673, 171, 381, 408, 547, 568, 905, 797, 524, 113], [887, 76, 535, 448, 152, 818, 855, 757, 298, 799, 689, 295, 322, 514, 552, 118, 696, 481, 840, 552, 886, 363, 95, 206, 740, 397, 111, 557, 682, 328, 955, 967, 812, 849, 373, 858, 158, 408, 283, 954, 620, 551, 262, 630, 364, 177, 720, 982, 238, 644], [329, 760, 810, 748, 684, 450, 696, 938, 692, 672, 533, 775, 917, 317, 856, 764, 313, 882, 586, 826, 503, 838, 738, 843, 149, 467, 755, 1005, 973, 509, 124, 615, 40, 857, 841, 694, 719, 883, 828, 645, 262, 1084, 658, 571, 479, 657, 156, 479, 597, 974], [372, 765, 839, 774, 686, 492, 736, 972, 680, 712, 571, 763, 935, 322, 885, 773, 350, 908, 628, 855, 545, 859, 741, 857, 122, 460, 763, 1031, 1005, 509, 125, 658, 24, 896, 863, 735, 717, 906, 846, 688, 288, 1108, 673, 605, 489, 659, 134, 522, 603, 1004], [844, 467, 198, 222, 543, 703, 589, 331, 747, 544, 537, 770, 168, 715, 168, 403, 694, 92, 641, 196, 740, 153, 514, 282, 949, 715, 419, 69, 225, 629, 1082, 766, 968, 486, 144, 594, 604, 97, 216, 733, 706, 117, 373, 467, 553, 545, 927, 862, 513, 180], [502, 767, 332, 390, 785, 341, 103, 241, 963, 102, 250, 1024, 615, 688, 347, 711, 465, 436, 210, 324, 327, 514, 795, 660, 837, 804, 720, 490, 343, 746, 848, 291, 795, 87, 507, 108, 860, 505, 581, 249, 567, 595, 578, 251, 624, 769, 820, 439, 689, 377], [175, 719, 676, 626, 659, 281, 527, 782, 716, 506, 374, 800, 821, 310, 721, 708, 159, 759, 417, 689, 336, 731, 707, 766, 275, 485, 703, 877, 827, 499, 247, 450, 198, 692, 733, 525, 709, 771, 736, 478, 174, 964, 581, 419, 430, 632, 269, 328, 557, 833], [283, 590, 373, 347, 572, 159, 265, 465, 714, 223, 64, 786, 576, 383, 416, 552, 161, 469, 195, 383, 222, 473, 601, 559, 523, 521, 554, 579, 511, 480, 565, 310, 491, 392, 472, 265, 643, 500, 504, 306, 253, 674, 405, 103, 362, 549, 506, 327, 463, 520], [680, 290, 637, 540, 194, 671, 806, 850, 176, 755, 604, 259, 565, 231, 674, 328, 503, 642, 747, 657, 747, 540, 250, 450, 414, 61, 313, 755, 819, 77, 646, 853, 501, 875, 549, 807, 200, 596, 484, 856, 386, 791, 322, 575, 198, 174, 395, 809, 180, 795], [219, 740, 726, 673, 674, 338, 585, 839, 715, 564, 431, 799, 861, 314, 772, 734, 214, 807, 475, 741, 390, 774, 725, 799, 233, 484, 727, 926, 882, 507, 192, 503, 145, 750, 776, 583, 719, 815, 774, 533, 202, 1012, 613, 474, 451, 647, 230, 372, 576, 886], [542, 443, 672, 584, 354, 568, 747, 864, 341, 703, 543, 425, 673, 100, 715, 465, 387, 706, 669, 692, 642, 623, 411, 571, 237, 117, 452, 827, 856, 178, 469, 757, 323, 851, 630, 748, 375, 677, 584, 768, 259, 882, 406, 536, 219, 329, 217, 684, 293, 841], [244, 613, 412, 385, 590, 130, 279, 500, 723, 242, 92, 797, 612, 374, 455, 578, 129, 508, 194, 423, 200, 510, 621, 591, 498, 522, 579, 618, 550, 487, 529, 298, 460, 419, 509, 278, 658, 538, 538, 300, 233, 714, 431, 142, 372, 565, 482, 297, 479, 559], [609, 358, 644, 551, 266, 615, 770, 849, 254, 722, 566, 338, 610, 155, 685, 387, 440, 664, 702, 665, 690, 571, 323, 501, 330, 24, 373, 782, 829, 99, 562, 801, 416, 856, 579, 771, 283, 627, 524, 808, 317, 828, 350, 546, 185, 243, 311, 745, 221, 809], [581, 449, 86, 65, 483, 443, 372, 284, 678, 319, 277, 727, 304, 513, 132, 389, 436, 171, 397, 104, 485, 198, 482, 333, 728, 568, 400, 285, 266, 491, 833, 527, 731, 344, 193, 376, 557, 209, 257, 500, 466, 376, 271, 205, 383, 471, 707, 605, 403, 255], [891, 344, 795, 698, 266, 885, 1011, 1018, 61, 958, 812, 86, 655, 437, 826, 406, 717, 777, 958, 816, 961, 663, 296, 533, 573, 262, 389, 875, 969, 282, 817, 1066, 674, 1064, 673, 1012, 206, 716, 592, 1068, 598, 889, 470, 777, 402, 270, 559, 1023, 334, 939], [315, 496, 450, 388, 454, 276, 438, 598, 565, 395, 235, 643, 574, 210, 496, 475, 124, 522, 361, 467, 352, 485, 494, 521, 373, 357, 472, 644, 619, 329, 473, 459, 366, 554, 488, 438, 517, 527, 488, 465, 102, 725, 339, 240, 223, 428, 354, 423, 344, 616], [325, 563, 618, 549, 496, 369, 582, 769, 543, 545, 389, 627, 709, 138, 664, 561, 189, 683, 487, 635, 441, 632, 547, 636, 202, 312, 554, 806, 790, 329, 330, 558, 203, 717, 636, 581, 541, 679, 620, 575, 73, 882, 450, 407, 276, 468, 183, 470, 399, 786], [824, 394, 206, 195, 471, 691, 604, 380, 675, 554, 526, 697, 99, 659, 191, 329, 663, 101, 643, 212, 735, 90, 441, 209, 897, 649, 346, 142, 283, 563, 1041, 771, 923, 520, 84, 608, 530, 43, 144, 742, 664, 170, 309, 454, 494, 473, 875, 855, 445, 240], [552, 581, 137, 192, 610, 396, 261, 190, 800, 214, 238, 853, 417, 589, 163, 521, 444, 245, 314, 134, 420, 315, 613, 462, 781, 671, 532, 324, 227, 601, 850, 436, 765, 212, 308, 265, 685, 310, 383, 402, 508, 428, 398, 183, 484, 597, 761, 543, 524, 240], [587, 792, 326, 400, 819, 426, 186, 178, 1005, 186, 326, 1061, 607, 754, 329, 732, 545, 419, 295, 313, 412, 512, 823, 666, 913, 860, 742, 453, 291, 796, 932, 368, 876, 2, 504, 189, 894, 495, 585, 324, 642, 555, 608, 315, 676, 805, 896, 521, 729, 331], [422, 404, 335, 263, 383, 339, 426, 508, 533, 374, 229, 602, 446, 269, 380, 371, 238, 397, 379, 353, 409, 356, 412, 399, 479, 362, 371, 520, 512, 306, 601, 499, 488, 500, 359, 427, 454, 398, 361, 493, 225, 598, 226, 193, 184, 360, 458, 504, 274, 504], [435, 961, 571, 614, 961, 318, 177, 477, 1115, 232, 355, 1185, 849, 775, 591, 912, 497, 678, 209, 566, 255, 745, 981, 880, 859, 924, 918, 737, 586, 883, 799, 144, 789, 300, 739, 174, 1034, 744, 806, 113, 623, 842, 769, 401, 763, 940, 848, 308, 855, 622], [716, 685, 200, 297, 734, 555, 358, 30, 935, 331, 410, 978, 446, 764, 177, 621, 623, 256, 447, 180, 563, 369, 725, 530, 962, 831, 634, 258, 89, 755, 1028, 547, 947, 202, 359, 362, 806, 335, 448, 506, 690, 356, 525, 363, 646, 726, 943, 683, 664, 131], [909, 207, 690, 596, 166, 873, 959, 915, 125, 904, 772, 101, 511, 478, 714, 272, 723, 654, 924, 709, 947, 536, 164, 390, 665, 315, 257, 741, 853, 286, 900, 1043, 755, 984, 546, 961, 91, 586, 459, 1038, 620, 743, 375, 725, 380, 185, 647, 1026, 271, 818], [342, 480, 378, 320, 452, 266, 386, 525, 587, 339, 182, 660, 520, 268, 424, 449, 160, 454, 323, 394, 338, 426, 485, 478, 446, 395, 449, 574, 545, 352, 541, 435, 439, 488, 427, 387, 520, 464, 437, 434, 176, 659, 306, 172, 235, 428, 427, 427, 341, 543], [229, 755, 745, 692, 688, 353, 601, 857, 724, 581, 449, 808, 879, 325, 791, 750, 232, 825, 490, 760, 403, 792, 739, 816, 229, 493, 743, 945, 900, 519, 173, 515, 135, 767, 795, 599, 732, 834, 792, 546, 219, 1030, 630, 493, 466, 660, 228, 380, 591, 905], [966, 567, 312, 351, 651, 820, 681, 378, 852, 641, 654, 866, 256, 845, 273, 506, 821, 218, 746, 305, 851, 278, 616, 379, 1080, 838, 523, 108, 262, 752, 1212, 865, 1100, 551, 271, 686, 705, 224, 328, 829, 837, 23, 498, 586, 682, 656, 1059, 973, 633, 220], [292, 880, 873, 823, 809, 444, 694, 973, 827, 682, 563, 910, 1012, 442, 918, 878, 356, 956, 581, 886, 479, 925, 862, 948, 281, 600, 871, 1075, 1023, 636, 78, 580, 172, 870, 927, 692, 848, 966, 924, 616, 352, 1161, 762, 614, 594, 782, 290, 423, 716, 1030], [645, 268, 228, 132, 306, 538, 533, 452, 507, 477, 387, 551, 216, 431, 259, 209, 467, 224, 532, 248, 597, 138, 302, 180, 670, 434, 219, 342, 404, 350, 823, 662, 699, 525, 144, 536, 379, 191, 131, 644, 446, 396, 99, 320, 267, 298, 647, 707, 242, 377]], "facilities_distances": [[0, 811, 654, 629, 767, 163, 407, 711, 856, 402, 315, 938, 852, 454, 696, 788, 191, 752, 294, 663, 187, 752, 809, 820, 449, 629, 786, 860, 777, 626, 365, 291, 364, 589, 751, 405, 826, 781, 774, 325, 294, 957, 647, 380, 534, 741, 443, 153, 658, 792], [811, 0, 487, 396, 97, 743, 788, 712, 285, 733, 617, 303, 311, 444, 510, 66, 620, 447, 769, 506, 812, 329, 49, 188, 675, 339, 51, 536, 646, 264, 884, 896, 742, 793, 340, 791, 138, 380, 253, 884, 545, 545, 192, 561, 289, 116, 653, 906, 164, 611], [654, 487, 0, 97, 534, 508, 398, 225, 735, 349, 342, 778, 283, 596, 46, 424, 517, 109, 444, 21, 543, 187, 526, 343, 814, 642, 437, 206, 184, 563, 917, 569, 816, 326, 178, 402, 606, 174, 262, 538, 552, 305, 326, 274, 460, 526, 793, 665, 466, 170], [629, 396, 97, 0, 438, 497, 437, 321, 638, 383, 333, 682, 241, 513, 134, 334, 473, 134, 459, 118, 544, 135, 432, 270, 739, 548, 346, 257, 279, 467, 861, 590, 751, 401, 131, 441, 511, 153, 192, 564, 487, 338, 229, 261, 368, 429, 717, 662, 369, 258], [767, 97, 534, 438, 0, 717, 794, 759, 205, 739, 609, 244, 396, 368, 563, 147, 577, 511, 761, 554, 790, 397, 57, 275, 589, 245, 130, 610, 705, 177, 807, 882, 663, 821, 407, 796, 75, 451, 327, 875, 487, 629, 212, 560, 233, 27, 568, 875, 111, 673], [163, 743, 508, 497, 717, 0, 251, 549, 841, 240, 166, 918, 732, 469, 547, 708, 182, 611, 138, 515, 76, 627, 750, 718, 541, 631, 710, 712, 619, 605, 511, 189, 478, 428, 626, 248, 785, 650, 662, 206, 310, 812, 561, 237, 495, 693, 530, 169, 607, 636], [407, 788, 398, 437, 794, 251, 0, 342, 958, 56, 205, 1025, 673, 648, 422, 737, 398, 506, 114, 395, 227, 568, 811, 702, 772, 781, 744, 575, 439, 731, 762, 190, 721, 187, 563, 4, 868, 569, 628, 149, 512, 680, 596, 235, 610, 774, 757, 336, 691, 470], [711, 712, 225, 321, 759, 549, 342, 0, 958, 320, 410, 1003, 476, 777, 205, 648, 626, 286, 436, 206, 553, 397, 751, 559, 971, 849, 661, 287, 116, 775, 1030, 531, 952, 178, 388, 346, 831, 365, 477, 490, 697, 385, 549, 367, 664, 749, 951, 671, 686, 160], [856, 285, 735, 638, 205, 841, 958, 958, 0, 905, 761, 84, 596, 406, 766, 346, 677, 716, 909, 755, 917, 602, 236, 473, 564, 231, 329, 815, 909, 236, 805, 1020, 661, 1007, 612, 960, 147, 656, 531, 1020, 562, 829, 410, 724, 352, 210, 548, 984, 276, 878], [402, 733, 349, 383, 739, 240, 56, 320, 905, 0, 160, 971, 621, 604, 376, 681, 367, 459, 116, 348, 234, 516, 755, 648, 740, 731, 688, 534, 407, 680, 746, 224, 695, 188, 510, 59, 813, 519, 574, 189, 474, 639, 540, 181, 558, 719, 724, 351, 636, 434], [315, 617, 342, 333, 609, 166, 205, 410, 761, 160, 0, 831, 570, 444, 382, 574, 221, 445, 152, 350, 212, 465, 633, 567, 587, 576, 578, 547, 465, 530, 620, 279, 552, 328, 462, 206, 681, 485, 505, 267, 317, 647, 427, 72, 409, 587, 570, 330, 501, 478], [938, 303, 778, 682, 244, 918, 1025, 1003, 84, 971, 831, 0, 611, 490, 805, 368, 757, 748, 980, 798, 993, 631, 258, 489, 646, 315, 353, 839, 945, 314, 888, 1094, 744, 1063, 642, 1027, 172, 683, 556, 1093, 644, 843, 456, 790, 425, 257, 631, 1063, 335, 912], [852, 311, 283, 241, 396, 732, 673, 476, 596, 621, 570, 611, 0, 632, 279, 250, 680, 191, 700, 294, 783, 107, 360, 122, 874, 597, 267, 237, 382, 511, 1038, 831, 911, 607, 111, 677, 449, 112, 90, 804, 661, 234, 269, 499, 460, 403, 852, 899, 389, 339], [454, 444, 596, 513, 368, 469, 648, 777, 406, 604, 444, 490, 632, 0, 641, 452, 290, 641, 568, 616, 544, 569, 422, 543, 243, 176, 442, 764, 778, 195, 441, 658, 298, 756, 575, 648, 407, 621, 542, 668, 164, 827, 364, 440, 173, 341, 220, 592, 282, 766], [696, 510, 46, 134, 563, 547, 422, 205, 766, 376, 382, 805, 279, 641, 0, 445, 562, 90, 476, 33, 579, 193, 550, 354, 859, 682, 459, 165, 145, 601, 963, 598, 862, 330, 183, 426, 633, 166, 272, 565, 598, 267, 358, 316, 501, 556, 838, 701, 500, 126], [788, 66, 424, 334, 147, 708, 737, 648, 346, 681, 574, 368, 250, 452, 445, 0, 598, 381, 725, 442, 775, 264, 112, 128, 690, 370, 17, 471, 581, 289, 888, 853, 749, 733, 274, 740, 201, 314, 188, 839, 534, 484, 148, 514, 285, 157, 668, 874, 173, 545], [191, 620, 517, 473, 577, 182, 398, 626, 677, 367, 221, 757, 680, 290, 562, 598, 0, 603, 299, 530, 255, 585, 618, 637, 374, 457, 595, 720, 668, 443, 406, 371, 331, 547, 586, 397, 638, 621, 598, 386, 129, 810, 459, 261, 345, 551, 360, 307, 468, 674], [752, 447, 109, 134, 511, 611, 506, 286, 716, 459, 445, 748, 191, 641, 90, 381, 603, 0, 552, 112, 649, 119, 491, 277, 871, 658, 397, 124, 201, 574, 995, 678, 885, 420, 108, 510, 578, 79, 198, 647, 621, 207, 320, 374, 487, 508, 849, 771, 464, 164], [294, 769, 444, 459, 761, 138, 114, 436, 909, 116, 152, 980, 700, 568, 476, 725, 299, 552, 0, 446, 118, 594, 785, 710, 670, 715, 729, 638, 521, 676, 649, 131, 613, 297, 590, 111, 833, 605, 643, 115, 421, 742, 579, 212, 557, 739, 657, 236, 653, 546], [663, 506, 21, 118, 554, 515, 395, 206, 755, 348, 350, 798, 294, 616, 33, 442, 530, 112, 446, 0, 547, 200, 545, 359, 832, 663, 455, 198, 164, 584, 932, 569, 833, 314, 191, 399, 626, 182, 277, 537, 568, 299, 346, 283, 480, 546, 811, 669, 487, 151], [187, 812, 543, 544, 790, 76, 227, 553, 917, 234, 212, 993, 783, 544, 579, 775, 255, 649, 118, 547, 0, 677, 821, 777, 605, 706, 777, 743, 634, 680, 551, 117, 534, 413, 674, 223, 858, 695, 717, 142, 384, 846, 627, 284, 569, 765, 594, 123, 679, 657], [752, 329, 187, 135, 397, 627, 568, 397, 602, 516, 465, 631, 107, 569, 193, 264, 585, 119, 594, 200, 677, 0, 374, 161, 808, 563, 279, 215, 319, 477, 956, 724, 835, 513, 10, 572, 461, 56, 80, 698, 578, 259, 221, 393, 404, 396, 786, 794, 360, 282], [809, 49, 526, 432, 57, 750, 811, 751, 236, 755, 633, 258, 360, 422, 550, 112, 618, 491, 785, 545, 821, 374, 0, 237, 646, 303, 95, 582, 689, 234, 862, 909, 718, 824, 384, 813, 90, 425, 299, 900, 534, 593, 217, 580, 278, 82, 625, 911, 152, 655], [820, 188, 343, 270, 275, 718, 702, 559, 473, 648, 567, 489, 122, 543, 354, 128, 637, 277, 710, 359, 777, 161, 237, 0, 785, 487, 145, 351, 478, 402, 966, 841, 833, 667, 171, 706, 327, 202, 82, 820, 597, 356, 186, 499, 370, 283, 763, 887, 280, 439], [449, 675, 814, 739, 589, 541, 772, 971, 564, 740, 587, 646, 874, 243, 859, 690, 374, 871, 670, 832, 605, 808, 646, 785, 0, 353, 678, 994, 989, 412, 244, 721, 110, 915, 813, 771, 612, 858, 784, 746, 274, 1064, 606, 608, 416, 564, 22, 603, 517, 983], [629, 339, 642, 548, 245, 631, 781, 849, 231, 731, 576, 315, 597, 176, 682, 370, 457, 658, 715, 663, 706, 563, 303, 487, 353, 0, 356, 775, 826, 87, 585, 816, 439, 861, 571, 782, 260, 618, 513, 821, 336, 818, 342, 554, 186, 223, 334, 763, 208, 805], [786, 51, 437, 346, 130, 710, 744, 661, 329, 688, 578, 353, 267, 442, 459, 17, 595, 397, 729, 455, 777, 279, 95, 145, 678, 356, 0, 487, 596, 275, 879, 857, 739, 744, 289, 747, 184, 330, 204, 844, 528, 501, 151, 519, 277, 140, 657, 875, 161, 560], [860, 536, 206, 257, 610, 712, 575, 287, 815, 534, 547, 839, 237, 764, 165, 471, 720, 124, 638, 198, 743, 215, 582, 351, 994, 775, 487, 0, 174, 689, 1116, 758, 1008, 453, 206, 580, 672, 160, 284, 722, 743, 105, 434, 480, 608, 611, 973, 866, 575, 128], [777, 646, 184, 279, 705, 619, 439, 116, 909, 407, 465, 945, 382, 778, 145, 581, 668, 201, 521, 164, 634, 319, 689, 478, 989, 826, 596, 174, 0, 746, 1073, 628, 983, 291, 309, 443, 774, 277, 399, 588, 721, 269, 503, 409, 645, 699, 968, 756, 646, 46], [626, 264, 563, 467, 177, 605, 731, 775, 236, 680, 530, 314, 511, 195, 601, 289, 443, 574, 676, 584, 680, 477, 234, 402, 412, 87, 275, 689, 746, 0, 631, 785, 486, 798, 485, 733, 212, 533, 426, 786, 334, 732, 256, 499, 122, 152, 391, 749, 122, 723], [365, 884, 917, 861, 807, 511, 762, 1030, 805, 746, 620, 888, 1038, 441, 963, 888, 406, 995, 649, 932, 551, 956, 862, 966, 244, 585, 879, 1116, 1073, 631, 0, 655, 146, 934, 959, 760, 840, 1000, 949, 690, 378, 1199, 781, 666, 603, 780, 258, 500, 721, 1078], [291, 896, 569, 590, 882, 189, 190, 531, 1020, 224, 279, 1094, 831, 658, 598, 853, 371, 678, 131, 569, 117, 724, 909, 841, 721, 816, 857, 758, 628, 785, 655, 0, 647, 369, 720, 185, 953, 733, 774, 45, 499, 862, 706, 342, 669, 859, 711, 169, 773, 657], [364, 742, 816, 751, 663, 478, 721, 952, 661, 695, 552, 744, 911, 298, 862, 749, 331, 885, 613, 833, 534, 835, 718, 833, 110, 439, 739, 1008, 983, 486, 146, 647, 0, 878, 839, 719, 695, 882, 822, 676, 265, 1085, 649, 585, 465, 636, 118, 515, 580, 982], [589, 793, 326, 401, 821, 428, 187, 178, 1007, 188, 328, 1063, 607, 756, 330, 733, 547, 420, 297, 314, 413, 513, 824, 667, 915, 861, 744, 453, 291, 798, 934, 369, 878, 0, 505, 191, 895, 495, 586, 325, 644, 555, 610, 317, 678, 806, 898, 523, 731, 331], [751, 340, 178, 131, 407, 626, 563, 388, 612, 510, 462, 642, 111, 575, 183, 274, 586, 108, 590, 191, 674, 10, 384, 171, 813, 571, 289, 206, 309, 485, 959, 720, 839, 505, 0, 567, 472, 48, 90, 693, 581, 252, 229, 391, 411, 406, 791, 792, 369, 272], [405, 791, 402, 441, 796, 248, 4, 346, 960, 59, 206, 1027, 677, 648, 426, 740, 397, 510, 111, 399, 223, 572, 813, 706, 771, 782, 747, 580, 443, 733, 760, 185, 719, 191, 567, 0, 870, 573, 632, 145, 511, 685, 599, 237, 611, 776, 756, 332, 693, 474], [826, 138, 606, 511, 75, 785, 868, 831, 147, 813, 681, 172, 449, 407, 633, 201, 638, 578, 833, 626, 858, 461, 90, 327, 612, 260, 184, 672, 774, 212, 840, 953, 695, 895, 472, 870, 0, 514, 388, 947, 540, 683, 287, 634, 293, 94, 593, 939, 180, 741], [781, 380, 174, 153, 451, 650, 569, 365, 656, 519, 485, 683, 112, 621, 166, 314, 621, 79, 605, 182, 695, 56, 425, 202, 858, 618, 330, 160, 277, 533, 1000, 733, 882, 495, 48, 573, 514, 0, 127, 705, 622, 206, 277, 413, 458, 451, 836, 814, 416, 237], [774, 253, 262, 192, 327, 662, 628, 477, 531, 574, 505, 556, 90, 542, 272, 188, 598, 198, 643, 277, 717, 80, 299, 82, 784, 513, 204, 284, 399, 426, 949, 774, 822, 586, 90, 632, 388, 127, 0, 751, 573, 307, 179, 435, 371, 329, 762, 830, 306, 361], [325, 884, 538, 564, 875, 206, 149, 490, 1020, 189, 267, 1093, 804, 668, 565, 839, 386, 647, 115, 537, 142, 698, 900, 820, 746, 821, 844, 722, 588, 786, 690, 45, 676, 325, 693, 145, 947, 705, 751, 0, 513, 827, 693, 325, 668, 853, 735, 212, 767, 619], [294, 545, 552, 487, 487, 310, 512, 697, 562, 474, 317, 644, 661, 164, 598, 534, 129, 621, 421, 568, 384, 578, 534, 597, 274, 336, 528, 743, 721, 334, 378, 499, 265, 644, 581, 511, 540, 622, 573, 513, 0, 823, 411, 334, 256, 459, 256, 428, 383, 718], [957, 545, 305, 338, 629, 812, 680, 385, 829, 639, 647, 843, 234, 827, 267, 484, 810, 207, 742, 299, 846, 259, 593, 356, 1064, 818, 501, 105, 269, 732, 1199, 862, 1085, 555, 252, 685, 683, 206, 307, 827, 823, 0, 478, 578, 663, 634, 1042, 968, 612, 225], [647, 192, 326, 229, 212, 561, 596, 549, 410, 540, 427, 456, 269, 364, 358, 148, 459, 320, 579, 346, 627, 221, 217, 186, 606, 342, 151, 434, 503, 256, 781, 706, 649, 610, 229, 599, 287, 277, 179, 693, 411, 478, 0, 369, 191, 201, 584, 728, 144, 475], [380, 561, 274, 261, 560, 237, 235, 367, 724, 181, 72, 790, 499, 440, 316, 514, 261, 374, 212, 283, 284, 393, 580, 499, 608, 554, 519, 480, 409, 499, 666, 342, 585, 317, 391, 237, 634, 413, 435, 325, 334, 578, 369, 0, 377, 540, 590, 401, 456, 418], [534, 289, 460, 368, 233, 495, 610, 664, 352, 558, 409, 425, 460, 173, 501, 285, 345, 487, 557, 480, 569, 404, 278, 370, 416, 186, 277, 608, 645, 122, 603, 669, 465, 678, 411, 611, 293, 458, 371, 668, 256, 663, 191, 377, 0, 206, 393, 646, 127, 626], [741, 116, 526, 429, 27, 693, 774, 749, 210, 719, 587, 257, 403, 341, 556, 157, 551, 508, 739, 546, 765, 396, 82, 283, 564, 223, 140, 611, 699, 152, 780, 859, 636, 806, 406, 776, 94, 451, 329, 853, 459, 634, 201, 540, 206, 0, 543, 849, 86, 669], [443, 653, 793, 717, 568, 530, 757, 951, 548, 724, 570, 631, 852, 220, 838, 668, 360, 849, 657, 811, 594, 786, 625, 763, 22, 334, 657, 973, 968, 391, 258, 711, 118, 898, 791, 756, 593, 836, 762, 735, 256, 1042, 584, 590, 393, 543, 0, 597, 496, 962], [153, 906, 665, 662, 875, 169, 336, 671, 984, 351, 330, 1063, 899, 592, 701, 874, 307, 771, 236, 669, 123, 794, 911, 887, 603, 763, 875, 866, 756, 749, 500, 169, 515, 523, 792, 332, 939, 814, 830, 212, 428, 968, 728, 401, 646, 849, 597, 0, 764, 779], [658, 164, 466, 369, 111, 607, 691, 686, 276, 636, 501, 335, 389, 282, 500, 173, 468, 464, 653, 487, 679, 360, 152, 280, 517, 208, 161, 575, 646, 122, 721, 773, 580, 731, 369, 693, 180, 416, 306, 767, 383, 612, 144, 456, 127, 86, 496, 764, 0, 619], [792, 611, 170, 258, 673, 636, 470, 160, 878, 434, 478, 912, 339, 766, 126, 545, 674, 164, 546, 151, 657, 282, 655, 439, 983, 805, 560, 128, 46, 723, 1078, 657, 982, 331, 272, 474, 741, 237, 361, 619, 718, 225, 475, 418, 626, 669, 962, 779, 619, 0]]}