{"n": 50, "m": 50, "facilities": [{"i": 0, "x": 0, "y": 36}, {"i": 1, "x": 245, "y": 233}, {"i": 2, "x": 919, "y": 260}, {"i": 3, "x": 775, "y": 319}, {"i": 4, "x": 414, "y": 713}, {"i": 5, "x": 960, "y": 151}, {"i": 6, "x": 708, "y": 491}, {"i": 7, "x": 269, "y": 160}, {"i": 8, "x": 268, "y": 954}, {"i": 9, "x": 692, "y": 751}, {"i": 10, "x": 160, "y": 30}, {"i": 11, "x": 273, "y": 59}, {"i": 12, "x": 736, "y": 113}, {"i": 13, "x": 515, "y": 959}, {"i": 14, "x": 87, "y": 665}, {"i": 15, "x": 111, "y": 302}, {"i": 16, "x": 205, "y": 462}, {"i": 17, "x": 96, "y": 106}, {"i": 18, "x": 752, "y": 115}, {"i": 19, "x": 986, "y": 651}, {"i": 20, "x": 869, "y": 252}, {"i": 21, "x": 634, "y": 239}, {"i": 22, "x": 931, "y": 660}, {"i": 23, "x": 425, "y": 928}, {"i": 24, "x": 485, "y": 348}, {"i": 25, "x": 731, "y": 306}, {"i": 26, "x": 598, "y": 456}, {"i": 27, "x": 922, "y": 407}, {"i": 28, "x": 811, "y": 118}, {"i": 29, "x": 145, "y": 477}, {"i": 30, "x": 354, "y": 544}, {"i": 31, "x": 312, "y": 508}, {"i": 32, "x": 666, "y": 23}, {"i": 33, "x": 581, "y": 257}, {"i": 34, "x": 485, "y": 436}, {"i": 35, "x": 800, "y": 960}, {"i": 36, "x": 998, "y": 2}, {"i": 37, "x": 691, "y": 397}, {"i": 38, "x": 666, "y": 703}, {"i": 39, "x": 305, "y": 737}, {"i": 40, "x": 268, "y": 202}, {"i": 41, "x": 636, "y": 729}, {"i": 42, "x": 201, "y": 30}, {"i": 43, "x": 729, "y": 936}, {"i": 44, "x": 624, "y": 587}, {"i": 45, "x": 516, "y": 865}, {"i": 46, "x": 601, "y": 607}, {"i": 47, "x": 564, "y": 652}, {"i": 48, "x": 85, "y": 971}, {"i": 49, "x": 134, "y": 696}], "users": [{"i": 0, "x": 995, "y": 231}, {"i": 1, "x": 852, "y": 808}, {"i": 2, "x": 700, "y": 902}, {"i": 3, "x": 146, "y": 807}, {"i": 4, "x": 235, "y": 500}, {"i": 5, "x": 310, "y": 219}, {"i": 6, "x": 755, "y": 890}, {"i": 7, "x": 386, "y": 971}, {"i": 8, "x": 117, "y": 273}, {"i": 9, "x": 978, "y": 736}, {"i": 10, "x": 942, "y": 847}, {"i": 11, "x": 849, "y": 411}, {"i": 12, "x": 435, "y": 927}, {"i": 13, "x": 946, "y": 966}, {"i": 14, "x": 300, "y": 785}, {"i": 15, "x": 697, "y": 640}, {"i": 16, "x": 888, "y": 366}, {"i": 17, "x": 276, "y": 964}, {"i": 18, "x": 976, "y": 909}, {"i": 19, "x": 77, "y": 434}, {"i": 20, "x": 58, "y": 244}, {"i": 21, "x": 879, "y": 375}, {"i": 22, "x": 144, "y": 564}, {"i": 23, "x": 236, "y": 464}, {"i": 24, "x": 242, "y": 846}, {"i": 25, "x": 122, "y": 664}, {"i": 26, "x": 871, "y": 517}, {"i": 27, "x": 857, "y": 887}, {"i": 28, "x": 772, "y": 523}, {"i": 29, "x": 971, "y": 189}, {"i": 30, "x": 567, "y": 938}, {"i": 31, "x": 281, "y": 636}, {"i": 32, "x": 799, "y": 668}, {"i": 33, "x": 908, "y": 999}, {"i": 34, "x": 463, "y": 960}, {"i": 35, "x": 907, "y": 497}, {"i": 36, "x": 189, "y": 568}, {"i": 37, "x": 650, "y": 121}, {"i": 38, "x": 358, "y": 294}, {"i": 39, "x": 533, "y": 747}, {"i": 40, "x": 281, "y": 62}, {"i": 41, "x": 502, "y": 521}, {"i": 42, "x": 214, "y": 798}, {"i": 43, "x": 974, "y": 74}, {"i": 44, "x": 848, "y": 722}, {"i": 45, "x": 969, "y": 539}, {"i": 46, "x": 64, "y": 884}, {"i": 47, "x": 620, "y": 150}, {"i": 48, "x": 823, "y": 500}, {"i": 49, "x": 916, "y": 374}], "distances": [[1014, 750, 81, 237, 755, 87, 387, 729, 1025, 602, 859, 742, 285, 872, 1006, 887, 823, 908, 269, 420, 128, 361, 434, 900, 523, 274, 456, 191, 216, 885, 713, 737, 389, 415, 550, 755, 229, 346, 575, 856, 728, 614, 819, 754, 514, 795, 545, 602, 1173, 979], [1150, 836, 552, 495, 448, 666, 348, 872, 602, 170, 1041, 947, 705, 369, 778, 897, 734, 1032, 700, 206, 556, 609, 168, 444, 588, 516, 434, 407, 691, 781, 564, 618, 807, 614, 523, 161, 819, 441, 214, 552, 842, 230, 1014, 178, 318, 341, 322, 328, 784, 727], [1114, 809, 678, 588, 343, 795, 411, 858, 435, 151, 1026, 945, 790, 194, 657, 841, 662, 999, 789, 381, 672, 666, 335, 276, 594, 597, 458, 543, 792, 699, 498, 553, 880, 656, 513, 116, 948, 505, 202, 428, 823, 184, 1005, 45, 324, 188, 311, 285, 619, 602], [785, 582, 947, 796, 284, 1045, 645, 659, 191, 549, 777, 759, 911, 399, 154, 506, 350, 703, 920, 854, 911, 749, 799, 304, 571, 770, 572, 873, 958, 330, 335, 342, 941, 701, 503, 672, 1172, 682, 530, 174, 617, 496, 779, 597, 526, 375, 497, 446, 175, 112], [520, 267, 725, 570, 278, 805, 473, 342, 455, 521, 476, 443, 633, 538, 222, 234, 48, 418, 645, 766, 681, 477, 714, 468, 293, 533, 366, 693, 691, 93, 127, 77, 643, 423, 258, 729, 911, 467, 476, 247, 300, 462, 471, 659, 399, 461, 381, 362, 494, 220], [360, 66, 610, 476, 505, 654, 482, 72, 736, 655, 241, 164, 439, 768, 499, 216, 265, 242, 454, 802, 560, 325, 762, 718, 217, 430, 373, 640, 511, 306, 328, 289, 406, 274, 279, 888, 721, 421, 601, 518, 45, 605, 218, 830, 484, 678, 485, 502, 785, 508], [1140, 832, 651, 571, 384, 767, 402, 877, 491, 153, 1046, 961, 777, 250, 705, 872, 697, 1024, 775, 332, 648, 662, 290, 332, 606, 584, 462, 511, 774, 737, 530, 585, 872, 656, 528, 83, 921, 497, 207, 475, 843, 200, 1023, 53, 330, 240, 322, 305, 675, 651], [1012, 751, 889, 759, 260, 1001, 578, 819, 119, 377, 968, 919, 927, 130, 428, 723, 540, 912, 931, 680, 866, 773, 627, 58, 631, 749, 557, 778, 953, 550, 428, 469, 988, 740, 544, 414, 1146, 650, 388, 248, 778, 348, 959, 345, 452, 168, 423, 365, 301, 373], [264, 134, 802, 660, 531, 852, 630, 189, 698, 748, 247, 265, 639, 793, 393, 30, 208, 168, 654, 948, 752, 518, 901, 724, 376, 615, 515, 816, 711, 206, 360, 305, 603, 464, 402, 969, 922, 587, 697, 501, 167, 691, 257, 902, 596, 714, 588, 586, 699, 423], [1203, 889, 480, 464, 564, 585, 365, 913, 743, 286, 1081, 977, 668, 514, 894, 970, 820, 1084, 661, 85, 496, 604, 89, 585, 627, 496, 472, 334, 640, 872, 653, 704, 778, 622, 577, 286, 734, 444, 314, 673, 888, 342, 1050, 319, 384, 480, 398, 422, 923, 845], [1243, 929, 587, 554, 545, 696, 426, 962, 682, 268, 1131, 1034, 762, 441, 874, 994, 832, 1125, 756, 201, 599, 682, 187, 523, 677, 581, 521, 440, 741, 879, 661, 715, 869, 692, 615, 181, 847, 515, 311, 646, 933, 328, 1103, 231, 411, 426, 417, 425, 866, 822], [928, 630, 166, 118, 530, 283, 162, 632, 795, 374, 787, 675, 319, 642, 803, 746, 646, 812, 311, 276, 160, 275, 262, 669, 369, 158, 255, 73, 295, 707, 513, 546, 429, 309, 365, 551, 435, 159, 345, 634, 617, 383, 752, 539, 286, 563, 316, 373, 947, 770], [992, 720, 824, 697, 215, 937, 514, 785, 169, 311, 938, 883, 868, 86, 436, 704, 519, 888, 872, 616, 802, 716, 563, 10, 581, 688, 498, 712, 892, 535, 391, 437, 933, 686, 494, 366, 1083, 589, 322, 230, 744, 282, 927, 294, 389, 102, 360, 304, 353, 379], [1327, 1014, 707, 669, 589, 815, 531, 1053, 678, 333, 1222, 1129, 878, 431, 910, 1067, 896, 1209, 873, 318, 718, 791, 306, 522, 771, 694, 617, 560, 859, 938, 727, 782, 984, 797, 702, 146, 965, 624, 384, 681, 1021, 390, 1196, 219, 497, 442, 498, 494, 861, 856], [807, 555, 812, 665, 135, 915, 503, 626, 172, 393, 768, 727, 801, 277, 244, 519, 337, 709, 808, 699, 780, 640, 643, 190, 475, 644, 444, 728, 840, 345, 247, 277, 845, 598, 395, 530, 1049, 551, 375, 48, 584, 341, 761, 455, 380, 230, 350, 296, 284, 188], [922, 608, 440, 330, 292, 555, 149, 643, 532, 111, 813, 719, 528, 367, 611, 676, 523, 804, 528, 289, 424, 406, 235, 396, 361, 336, 209, 324, 534, 576, 356, 407, 618, 400, 294, 336, 705, 243, 70, 404, 613, 108, 786, 298, 90, 289, 102, 134, 696, 566], [947, 657, 110, 122, 587, 227, 219, 652, 854, 432, 802, 687, 295, 701, 855, 780, 690, 834, 285, 301, 116, 284, 297, 728, 403, 168, 304, 53, 260, 751, 563, 593, 409, 326, 409, 600, 380, 199, 404, 691, 641, 442, 765, 592, 344, 622, 375, 432, 1005, 823], [968, 732, 953, 815, 286, 1062, 641, 804, 13, 467, 941, 905, 967, 239, 354, 682, 507, 877, 973, 776, 927, 809, 722, 153, 650, 800, 601, 853, 1001, 504, 427, 457, 1019, 770, 568, 524, 1203, 703, 469, 229, 762, 430, 937, 454, 513, 260, 483, 425, 191, 303], [1309, 996, 651, 623, 595, 758, 497, 1030, 709, 325, 1199, 1103, 831, 464, 922, 1057, 891, 1191, 825, 258, 666, 752, 253, 551, 746, 651, 590, 505, 808, 937, 721, 776, 939, 762, 682, 183, 907, 586, 372, 693, 1001, 385, 1172, 248, 477, 462, 481, 486, 893, 869], [405, 262, 860, 707, 438, 927, 634, 335, 554, 692, 412, 423, 733, 684, 231, 136, 131, 329, 747, 935, 813, 590, 883, 604, 417, 666, 521, 845, 799, 80, 298, 246, 718, 534, 408, 894, 1017, 615, 648, 379, 301, 632, 423, 823, 568, 615, 552, 534, 537, 268], [216, 187, 861, 721, 589, 907, 695, 227, 740, 812, 237, 284, 691, 849, 422, 79, 263, 143, 706, 1013, 811, 576, 967, 776, 439, 676, 580, 879, 763, 249, 421, 366, 647, 523, 468, 1031, 971, 651, 762, 551, 214, 755, 257, 964, 662, 772, 653, 650, 728, 458], [942, 650, 122, 118, 575, 238, 207, 647, 842, 420, 797, 683, 298, 688, 843, 771, 680, 828, 289, 296, 123, 280, 290, 715, 395, 163, 292, 54, 266, 741, 552, 582, 411, 321, 399, 590, 392, 189, 391, 679, 635, 429, 761, 581, 332, 610, 362, 419, 993, 811], [547, 346, 832, 677, 308, 915, 569, 423, 409, 579, 534, 521, 744, 542, 116, 264, 119, 461, 756, 846, 789, 588, 793, 460, 404, 641, 467, 794, 802, 87, 211, 177, 752, 534, 364, 766, 1022, 572, 540, 236, 383, 519, 537, 693, 481, 479, 459, 429, 411, 132], [489, 231, 713, 558, 306, 789, 473, 306, 491, 539, 441, 407, 611, 568, 250, 205, 31, 384, 623, 773, 668, 457, 722, 501, 275, 520, 362, 688, 671, 92, 143, 88, 616, 402, 251, 751, 891, 460, 492, 282, 264, 480, 435, 683, 407, 489, 392, 378, 529, 253], [845, 613, 895, 750, 217, 999, 586, 687, 111, 460, 820, 788, 884, 295, 238, 560, 386, 754, 891, 769, 864, 723, 714, 201, 554, 729, 528, 809, 924, 382, 322, 345, 926, 680, 477, 570, 1133, 635, 447, 126, 645, 411, 817, 495, 462, 275, 431, 376, 201, 185], [640, 448, 894, 739, 296, 983, 611, 525, 325, 577, 635, 624, 825, 491, 35, 362, 218, 559, 836, 864, 853, 665, 809, 402, 481, 706, 519, 840, 879, 188, 261, 246, 841, 613, 429, 740, 1098, 629, 545, 197, 485, 518, 639, 665, 508, 442, 482, 442, 309, 34], [995, 687, 261, 220, 497, 377, 165, 700, 745, 295, 862, 753, 426, 568, 798, 790, 668, 877, 419, 177, 265, 365, 155, 606, 421, 253, 280, 121, 403, 727, 518, 559, 535, 389, 394, 449, 530, 216, 277, 607, 680, 316, 828, 442, 257, 497, 285, 335, 908, 758], [1208, 896, 630, 574, 476, 743, 423, 935, 593, 214, 1105, 1013, 783, 349, 801, 948, 778, 1090, 779, 269, 635, 685, 239, 434, 655, 595, 503, 484, 770, 822, 609, 664, 885, 688, 585, 93, 896, 517, 265, 572, 903, 272, 1079, 137, 380, 342, 379, 376, 777, 748], [913, 602, 301, 204, 405, 417, 72, 620, 663, 242, 786, 681, 412, 506, 700, 697, 570, 794, 408, 249, 288, 316, 210, 533, 336, 221, 186, 190, 407, 629, 419, 460, 511, 327, 300, 438, 568, 150, 209, 514, 598, 247, 754, 415, 161, 427, 191, 245, 820, 661], [983, 727, 88, 235, 765, 40, 400, 703, 1039, 627, 826, 710, 247, 895, 1004, 867, 813, 879, 231, 462, 120, 341, 473, 919, 511, 267, 459, 223, 175, 875, 712, 732, 347, 396, 545, 790, 189, 349, 598, 862, 703, 635, 786, 785, 528, 815, 558, 616, 1182, 979], [1065, 775, 764, 653, 272, 880, 469, 833, 299, 225, 995, 927, 842, 56, 552, 783, 598, 956, 844, 508, 750, 702, 458, 142, 596, 653, 483, 639, 856, 625, 448, 500, 920, 681, 509, 234, 1030, 555, 255, 330, 794, 220, 979, 162, 356, 89, 333, 286, 483, 496], [663, 405, 741, 587, 154, 834, 451, 476, 318, 427, 618, 577, 693, 399, 196, 375, 190, 561, 702, 705, 702, 531, 650, 326, 353, 558, 365, 681, 741, 209, 117, 132, 724, 483, 286, 612, 957, 475, 391, 104, 434, 367, 611, 539, 346, 328, 321, 283, 388, 159], [1019, 704, 425, 350, 388, 541, 199, 734, 603, 135, 903, 805, 559, 407, 712, 779, 629, 900, 555, 188, 422, 460, 132, 455, 448, 368, 292, 289, 550, 681, 462, 513, 659, 465, 390, 292, 695, 292, 138, 499, 706, 174, 874, 277, 193, 345, 207, 236, 776, 666], [1324, 1013, 739, 693, 571, 850, 546, 1055, 642, 329, 1224, 1134, 903, 395, 886, 1059, 885, 1207, 898, 357, 748, 808, 340, 488, 776, 715, 625, 592, 886, 924, 717, 772, 1006, 811, 704, 115, 1001, 640, 382, 657, 1022, 383, 1200, 190, 500, 414, 498, 489, 823, 831], [1034, 759, 835, 713, 252, 949, 529, 823, 195, 310, 978, 921, 890, 52, 478, 746, 561, 930, 893, 607, 816, 741, 556, 50, 612, 707, 522, 719, 911, 578, 430, 477, 959, 713, 524, 337, 1097, 607, 328, 273, 783, 289, 966, 267, 406, 109, 379, 324, 378, 422], [1017, 713, 237, 222, 538, 350, 199, 722, 786, 333, 881, 771, 420, 606, 837, 820, 703, 900, 412, 173, 248, 376, 165, 647, 448, 260, 312, 91, 391, 762, 555, 595, 532, 405, 426, 475, 503, 238, 317, 648, 704, 357, 846, 474, 297, 537, 325, 376, 949, 798], [565, 340, 792, 637, 268, 877, 525, 416, 394, 535, 539, 516, 712, 509, 141, 277, 107, 471, 723, 801, 750, 553, 748, 430, 369, 602, 424, 750, 768, 101, 167, 137, 724, 500, 324, 726, 987, 530, 496, 205, 374, 475, 538, 653, 435, 442, 414, 384, 416, 139], [656, 420, 303, 234, 637, 311, 375, 383, 916, 631, 498, 382, 86, 849, 783, 569, 561, 554, 102, 628, 255, 119, 608, 838, 281, 202, 339, 395, 161, 618, 516, 514, 99, 153, 356, 852, 368, 279, 582, 706, 390, 608, 458, 819, 467, 756, 488, 538, 1021, 773], [441, 128, 562, 418, 423, 619, 402, 161, 666, 566, 330, 250, 419, 683, 459, 247, 227, 322, 433, 722, 513, 281, 680, 638, 138, 373, 290, 575, 486, 281, 250, 219, 410, 226, 191, 799, 703, 349, 512, 446, 129, 516, 307, 741, 396, 592, 396, 413, 730, 460], [889, 589, 621, 492, 124, 733, 310, 644, 336, 159, 808, 735, 666, 213, 453, 613, 435, 776, 669, 463, 598, 518, 407, 211, 402, 483, 298, 517, 688, 473, 271, 326, 736, 492, 315, 342, 878, 384, 140, 228, 606, 105, 790, 272, 184, 119, 156, 100, 501, 402], [282, 175, 668, 557, 664, 685, 605, 99, 892, 802, 125, 9, 458, 927, 633, 294, 407, 190, 474, 919, 618, 395, 883, 878, 351, 512, 506, 728, 533, 437, 487, 447, 387, 358, 426, 1037, 720, 529, 748, 675, 141, 756, 86, 982, 627, 837, 632, 654, 930, 651], [698, 386, 492, 340, 211, 589, 208, 430, 492, 298, 598, 516, 470, 438, 439, 448, 303, 581, 477, 501, 455, 311, 451, 414, 174, 314, 116, 435, 508, 360, 150, 190, 524, 276, 87, 531, 718, 226, 245, 292, 396, 247, 576, 473, 139, 344, 131, 145, 614, 407], [791, 566, 887, 738, 217, 987, 582, 640, 165, 480, 770, 741, 861, 341, 184, 507, 336, 702, 869, 786, 853, 699, 730, 248, 525, 714, 514, 809, 905, 328, 290, 306, 897, 654, 452, 608, 1117, 623, 462, 110, 598, 428, 768, 533, 461, 309, 432, 379, 216, 130], [975, 746, 194, 316, 850, 78, 495, 710, 1128, 733, 815, 701, 241, 997, 1066, 893, 861, 879, 226, 577, 207, 378, 588, 1015, 561, 336, 536, 337, 169, 922, 778, 792, 312, 434, 608, 903, 76, 429, 700, 942, 718, 737, 774, 896, 621, 914, 651, 709, 1263, 1045], [1091, 776, 467, 410, 434, 582, 270, 807, 625, 159, 976, 878, 619, 409, 763, 848, 694, 972, 615, 155, 470, 528, 104, 470, 521, 432, 365, 324, 605, 744, 525, 577, 722, 536, 462, 243, 735, 361, 183, 543, 779, 212, 947, 245, 262, 361, 272, 292, 803, 714], [1092, 786, 283, 293, 582, 388, 265, 796, 815, 349, 956, 845, 486, 618, 891, 890, 768, 974, 476, 113, 304, 450, 127, 669, 520, 333, 380, 140, 450, 826, 615, 658, 598, 480, 495, 454, 538, 312, 345, 693, 778, 383, 921, 464, 348, 558, 374, 420, 984, 850], [850, 676, 1058, 908, 390, 1158, 754, 752, 216, 642, 859, 851, 1023, 457, 220, 584, 445, 779, 1032, 951, 1023, 861, 895, 364, 682, 883, 684, 982, 1070, 415, 447, 450, 1051, 813, 615, 740, 1285, 794, 629, 282, 712, 593, 865, 667, 634, 452, 604, 551, 89, 201], [630, 384, 319, 229, 600, 340, 352, 351, 878, 605, 475, 359, 122, 816, 741, 531, 519, 526, 137, 620, 269, 90, 597, 802, 240, 191, 307, 397, 194, 577, 475, 472, 135, 114, 316, 830, 406, 257, 555, 666, 356, 579, 436, 794, 437, 723, 457, 505, 980, 731], [945, 637, 258, 187, 461, 375, 115, 650, 717, 283, 813, 705, 397, 553, 754, 739, 619, 827, 391, 222, 252, 322, 193, 584, 371, 215, 229, 136, 382, 678, 471, 511, 502, 343, 344, 461, 528, 167, 257, 570, 630, 296, 780, 446, 217, 477, 246, 300, 875, 716], [976, 686, 114, 151, 606, 227, 239, 681, 870, 439, 831, 716, 317, 709, 879, 808, 716, 863, 307, 286, 131, 313, 286, 740, 432, 197, 328, 34, 277, 778, 587, 619, 431, 355, 435, 597, 381, 226, 413, 711, 670, 452, 793, 592, 361, 633, 392, 449, 1023, 846]], "facilities_distances": [[0, 314, 946, 825, 794, 967, 842, 296, 956, 995, 160, 274, 740, 1057, 635, 288, 473, 119, 756, 1162, 895, 666, 1121, 988, 577, 779, 731, 994, 815, 464, 619, 566, 666, 622, 629, 1222, 999, 780, 943, 764, 315, 941, 201, 1158, 832, 976, 829, 835, 939, 673], [314, 0, 675, 537, 509, 720, 530, 77, 721, 684, 220, 176, 505, 775, 460, 151, 232, 196, 521, 851, 624, 389, 808, 718, 266, 491, 418, 699, 578, 264, 330, 283, 470, 337, 314, 915, 788, 475, 631, 508, 39, 632, 208, 854, 519, 688, 516, 527, 755, 476], [946, 675, 0, 156, 678, 116, 313, 658, 952, 541, 793, 677, 235, 807, 925, 809, 742, 837, 221, 397, 51, 286, 400, 831, 443, 194, 376, 147, 178, 804, 632, 656, 347, 338, 468, 710, 270, 266, 510, 778, 654, 548, 754, 702, 440, 727, 471, 529, 1096, 898], [825, 537, 156, 0, 534, 250, 185, 530, 813, 440, 680, 565, 210, 691, 770, 664, 588, 712, 205, 393, 115, 162, 375, 702, 291, 46, 224, 171, 204, 650, 477, 500, 315, 204, 313, 641, 388, 115, 399, 629, 520, 433, 643, 619, 308, 604, 336, 394, 949, 744], [794, 509, 678, 534, 0, 784, 368, 572, 282, 281, 729, 669, 681, 266, 331, 511, 327, 685, 687, 575, 648, 523, 520, 215, 372, 516, 316, 593, 715, 358, 179, 229, 735, 486, 286, 458, 920, 420, 252, 112, 531, 223, 715, 386, 245, 183, 215, 162, 418, 281], [967, 720, 116, 250, 784, 0, 423, 691, 1060, 657, 809, 693, 227, 922, 1013, 862, 817, 865, 211, 501, 136, 338, 510, 943, 514, 277, 473, 259, 153, 878, 722, 740, 321, 394, 554, 825, 154, 365, 625, 879, 694, 663, 769, 818, 550, 841, 580, 639, 1199, 990], [842, 530, 313, 185, 368, 423, 0, 550, 639, 260, 716, 613, 379, 506, 645, 626, 504, 723, 379, 321, 288, 263, 280, 521, 265, 186, 115, 230, 387, 563, 358, 396, 470, 266, 230, 478, 569, 96, 216, 472, 526, 249, 685, 445, 128, 420, 158, 216, 786, 610], [296, 77, 658, 530, 572, 691, 550, 0, 794, 727, 170, 101, 469, 836, 537, 212, 309, 181, 485, 869, 607, 373, 830, 784, 286, 485, 443, 698, 544, 340, 393, 351, 420, 327, 350, 960, 746, 484, 673, 578, 42, 677, 147, 902, 555, 747, 557, 574, 832, 553], [956, 721, 952, 813, 282, 1060, 639, 794, 0, 470, 930, 895, 962, 247, 341, 671, 496, 865, 969, 779, 924, 803, 725, 159, 644, 796, 597, 853, 997, 493, 419, 448, 1013, 764, 562, 532, 1200, 699, 471, 220, 752, 431, 926, 461, 511, 263, 481, 423, 184, 291], [995, 684, 541, 440, 281, 657, 260, 727, 470, 0, 896, 809, 640, 273, 611, 734, 566, 878, 639, 311, 529, 515, 256, 320, 453, 447, 310, 414, 644, 612, 396, 451, 728, 506, 377, 235, 809, 354, 55, 387, 694, 60, 872, 189, 178, 210, 170, 162, 646, 561], [160, 220, 793, 680, 729, 809, 716, 170, 930, 896, 0, 117, 582, 995, 639, 276, 434, 99, 598, 1033, 743, 518, 996, 936, 455, 634, 611, 850, 657, 447, 549, 502, 506, 478, 520, 1129, 838, 645, 842, 722, 203, 846, 41, 1070, 725, 908, 726, 742, 944, 667], [274, 176, 677, 565, 669, 693, 613, 101, 895, 809, 117, 0, 466, 932, 634, 292, 409, 183, 482, 927, 626, 403, 891, 882, 358, 520, 513, 736, 541, 437, 492, 451, 395, 366, 433, 1044, 727, 538, 754, 679, 143, 762, 78, 988, 634, 842, 639, 661, 931, 652], [740, 505, 235, 210, 681, 227, 379, 469, 962, 640, 582, 466, 0, 874, 852, 653, 635, 640, 16, 593, 192, 162, 581, 872, 344, 193, 370, 348, 75, 694, 576, 579, 114, 212, 409, 849, 285, 288, 594, 758, 476, 624, 541, 823, 487, 784, 512, 566, 1077, 838], [1057, 775, 807, 691, 266, 922, 506, 836, 247, 273, 995, 932, 874, 0, 519, 771, 586, 950, 877, 563, 791, 730, 512, 95, 612, 688, 510, 686, 892, 608, 445, 495, 948, 705, 524, 285, 1072, 589, 297, 306, 796, 260, 981, 215, 388, 94, 362, 311, 430, 463], [635, 460, 925, 770, 331, 1013, 645, 537, 341, 611, 639, 634, 852, 519, 0, 364, 235, 559, 863, 899, 884, 693, 844, 428, 509, 737, 552, 874, 907, 197, 293, 274, 865, 641, 459, 772, 1127, 661, 580, 230, 497, 553, 645, 697, 543, 473, 517, 477, 306, 56], [288, 151, 809, 664, 511, 862, 626, 212, 671, 734, 276, 292, 653, 771, 364, 0, 186, 197, 668, 942, 760, 527, 895, 700, 377, 620, 511, 818, 724, 178, 343, 288, 621, 472, 397, 953, 936, 588, 685, 476, 186, 677, 287, 885, 587, 694, 577, 572, 670, 395], [473, 232, 742, 588, 327, 817, 504, 309, 496, 566, 434, 409, 635, 586, 235, 186, 0, 372, 648, 804, 696, 483, 753, 515, 302, 549, 393, 719, 697, 62, 170, 116, 637, 428, 281, 776, 917, 490, 520, 293, 268, 507, 432, 707, 437, 509, 422, 406, 523, 245], [119, 196, 837, 712, 685, 865, 723, 181, 865, 878, 99, 183, 640, 950, 559, 197, 372, 0, 656, 1044, 787, 554, 1002, 885, 458, 666, 612, 879, 715, 374, 508, 456, 576, 508, 510, 1107, 908, 662, 825, 665, 197, 824, 130, 1044, 714, 867, 711, 719, 865, 591], [756, 521, 221, 205, 687, 211, 379, 485, 969, 639, 598, 482, 16, 877, 863, 668, 648, 656, 0, 585, 180, 171, 574, 876, 354, 192, 374, 338, 59, 707, 585, 590, 126, 222, 418, 846, 271, 289, 594, 766, 492, 625, 558, 821, 489, 786, 515, 569, 1085, 848], [1162, 851, 397, 393, 575, 501, 321, 869, 779, 311, 1033, 927, 593, 563, 899, 942, 804, 1044, 585, 0, 416, 542, 56, 626, 585, 429, 434, 252, 561, 859, 641, 689, 705, 565, 545, 361, 649, 389, 324, 686, 847, 359, 1001, 384, 368, 516, 388, 422, 956, 853], [895, 624, 51, 115, 648, 136, 288, 607, 924, 529, 743, 626, 192, 791, 884, 760, 696, 787, 180, 416, 0, 235, 413, 809, 396, 148, 339, 164, 146, 758, 592, 613, 306, 288, 426, 711, 281, 230, 495, 744, 603, 531, 704, 698, 415, 707, 445, 503, 1064, 859], [666, 389, 286, 162, 523, 338, 263, 373, 803, 515, 518, 403, 162, 730, 693, 527, 483, 554, 171, 542, 235, 0, 515, 720, 185, 118, 220, 333, 214, 544, 414, 420, 218, 56, 247, 740, 434, 168, 465, 597, 368, 490, 481, 703, 348, 637, 369, 419, 915, 677], [1121, 808, 400, 375, 520, 510, 280, 830, 725, 256, 996, 891, 581, 512, 844, 895, 753, 1002, 574, 56, 413, 515, 0, 573, 544, 407, 391, 253, 555, 807, 589, 637, 690, 534, 499, 327, 661, 356, 268, 631, 806, 303, 964, 342, 316, 463, 334, 367, 901, 798], [988, 718, 831, 702, 215, 943, 521, 784, 159, 320, 936, 882, 872, 95, 428, 700, 515, 885, 876, 626, 809, 720, 573, 0, 583, 693, 503, 720, 897, 531, 391, 435, 937, 689, 496, 376, 1089, 594, 330, 226, 743, 290, 926, 304, 395, 111, 366, 309, 343, 372], [577, 266, 443, 291, 372, 514, 265, 286, 644, 453, 455, 358, 344, 612, 509, 377, 302, 458, 354, 585, 396, 185, 544, 583, 0, 250, 156, 441, 399, 364, 236, 236, 372, 132, 88, 688, 619, 212, 398, 429, 262, 410, 426, 637, 276, 518, 284, 314, 740, 494], [779, 491, 194, 46, 516, 277, 186, 485, 796, 447, 634, 520, 193, 688, 737, 620, 549, 666, 192, 429, 148, 118, 407, 693, 250, 0, 200, 216, 204, 610, 446, 465, 290, 158, 278, 658, 405, 99, 402, 606, 475, 434, 598, 630, 301, 599, 328, 384, 927, 713], [731, 418, 376, 224, 316, 473, 115, 443, 597, 310, 611, 513, 370, 510, 552, 511, 393, 612, 374, 434, 339, 220, 391, 503, 156, 200, 0, 328, 400, 453, 259, 291, 438, 200, 115, 543, 605, 110, 256, 406, 416, 276, 582, 498, 134, 417, 151, 199, 727, 522], [994, 699, 147, 171, 593, 259, 230, 698, 853, 414, 850, 736, 348, 686, 874, 818, 719, 879, 338, 252, 164, 333, 253, 720, 441, 216, 328, 0, 310, 780, 584, 618, 462, 373, 438, 566, 412, 231, 391, 700, 685, 431, 814, 563, 348, 612, 378, 434, 1009, 839], [815, 578, 178, 204, 715, 153, 387, 544, 997, 644, 657, 541, 75, 892, 907, 724, 697, 715, 59, 561, 146, 214, 555, 897, 399, 204, 400, 310, 0, 757, 625, 633, 173, 269, 455, 842, 220, 304, 603, 799, 549, 636, 616, 822, 505, 803, 532, 588, 1120, 890], [464, 264, 804, 650, 358, 878, 563, 340, 493, 612, 447, 437, 694, 608, 197, 178, 62, 374, 707, 859, 758, 544, 807, 531, 364, 610, 453, 780, 757, 0, 219, 170, 691, 488, 342, 814, 976, 552, 568, 305, 301, 552, 450, 743, 491, 537, 474, 454, 498, 219], [619, 330, 632, 477, 179, 722, 358, 393, 419, 396, 549, 492, 576, 445, 293, 343, 170, 508, 585, 641, 592, 414, 589, 391, 236, 446, 259, 584, 625, 219, 0, 55, 607, 366, 170, 610, 842, 368, 350, 199, 353, 337, 536, 542, 273, 360, 255, 236, 505, 267], [566, 283, 656, 500, 229, 740, 396, 351, 448, 451, 502, 451, 579, 495, 274, 288, 116, 456, 590, 689, 613, 420, 637, 435, 236, 465, 291, 618, 633, 170, 55, 0, 600, 368, 187, 665, 852, 395, 404, 229, 309, 392, 491, 598, 322, 411, 305, 290, 516, 259], [666, 470, 347, 315, 735, 321, 470, 420, 1013, 728, 506, 395, 114, 948, 865, 621, 637, 576, 126, 705, 306, 218, 690, 937, 372, 290, 438, 462, 173, 691, 607, 600, 0, 249, 451, 947, 333, 375, 680, 800, 436, 707, 465, 915, 566, 855, 588, 637, 1112, 858], [622, 337, 338, 204, 486, 394, 266, 327, 764, 506, 478, 366, 212, 705, 641, 472, 428, 508, 222, 565, 288, 56, 534, 689, 132, 158, 200, 373, 269, 488, 366, 368, 249, 0, 203, 736, 489, 178, 454, 554, 318, 475, 443, 695, 333, 611, 351, 395, 869, 627], [629, 314, 468, 313, 286, 554, 230, 350, 562, 377, 520, 433, 409, 524, 459, 397, 281, 510, 418, 545, 426, 247, 499, 496, 88, 278, 115, 438, 455, 342, 170, 187, 451, 203, 0, 611, 672, 210, 323, 351, 319, 330, 495, 556, 205, 430, 207, 230, 668, 437], [1222, 915, 710, 641, 458, 825, 478, 960, 532, 235, 1129, 1044, 849, 285, 772, 953, 776, 1107, 846, 361, 711, 740, 327, 376, 688, 658, 543, 566, 842, 814, 610, 665, 947, 736, 611, 0, 978, 573, 290, 543, 926, 283, 1106, 75, 412, 299, 405, 388, 715, 716], [999, 788, 270, 388, 920, 154, 569, 746, 1200, 809, 838, 727, 285, 1072, 1127, 936, 917, 908, 271, 649, 281, 434, 661, 1089, 619, 405, 605, 412, 220, 976, 842, 852, 333, 489, 672, 978, 0, 500, 776, 1010, 757, 812, 797, 972, 694, 988, 724, 782, 1331, 1108], [780, 475, 266, 115, 420, 365, 96, 484, 699, 354, 645, 538, 288, 589, 661, 588, 490, 662, 289, 389, 230, 168, 356, 594, 212, 99, 110, 231, 304, 552, 368, 395, 375, 178, 210, 573, 500, 0, 307, 514, 466, 337, 612, 540, 201, 500, 228, 285, 835, 632], [943, 631, 510, 399, 252, 625, 216, 673, 471, 55, 842, 754, 594, 297, 580, 685, 520, 825, 594, 324, 495, 465, 268, 330, 398, 402, 256, 391, 603, 568, 350, 404, 680, 454, 323, 290, 776, 307, 0, 363, 640, 40, 818, 241, 123, 221, 116, 114, 640, 532], [764, 508, 778, 629, 112, 879, 472, 578, 220, 387, 722, 679, 758, 306, 230, 476, 293, 665, 766, 686, 744, 597, 631, 226, 429, 606, 406, 700, 799, 305, 199, 229, 800, 554, 351, 543, 1010, 514, 363, 0, 536, 331, 715, 468, 353, 247, 323, 273, 321, 176], [315, 39, 654, 520, 531, 694, 526, 42, 752, 694, 203, 143, 476, 796, 497, 186, 268, 197, 492, 847, 603, 368, 806, 743, 262, 475, 416, 685, 549, 301, 353, 309, 436, 318, 319, 926, 757, 466, 640, 536, 0, 643, 185, 867, 524, 708, 524, 539, 790, 512], [941, 632, 548, 433, 223, 663, 249, 677, 431, 60, 846, 762, 624, 260, 553, 677, 507, 824, 625, 359, 531, 490, 303, 290, 410, 434, 276, 431, 636, 552, 337, 392, 707, 475, 330, 283, 812, 337, 40, 331, 643, 0, 823, 227, 143, 181, 127, 105, 602, 503], [201, 208, 754, 643, 715, 769, 685, 147, 926, 872, 41, 78, 541, 981, 645, 287, 432, 130, 558, 1001, 704, 481, 964, 926, 426, 598, 582, 814, 616, 450, 536, 491, 465, 443, 495, 1106, 797, 612, 818, 715, 185, 823, 0, 1049, 699, 892, 702, 720, 948, 669], [1158, 854, 702, 619, 386, 818, 445, 902, 461, 189, 1070, 988, 823, 215, 697, 885, 707, 1044, 821, 384, 698, 703, 342, 304, 637, 630, 498, 563, 822, 743, 542, 598, 915, 695, 556, 75, 972, 540, 241, 468, 867, 227, 1049, 0, 364, 225, 353, 328, 645, 642], [832, 519, 440, 308, 245, 550, 128, 555, 511, 178, 725, 634, 487, 388, 543, 587, 437, 714, 489, 368, 415, 348, 316, 395, 276, 301, 134, 348, 505, 491, 273, 322, 566, 333, 205, 412, 694, 201, 123, 353, 524, 143, 699, 364, 0, 298, 30, 88, 662, 502], [976, 688, 727, 604, 183, 841, 420, 747, 263, 210, 908, 842, 784, 94, 473, 694, 509, 867, 786, 516, 707, 637, 463, 111, 518, 599, 417, 612, 803, 537, 360, 411, 855, 611, 430, 299, 988, 500, 221, 247, 708, 181, 892, 225, 298, 0, 272, 218, 444, 418], [829, 516, 471, 336, 215, 580, 158, 557, 481, 170, 726, 639, 512, 362, 517, 577, 422, 711, 515, 388, 445, 369, 334, 366, 284, 328, 151, 378, 532, 474, 255, 305, 588, 351, 207, 405, 724, 228, 116, 323, 524, 127, 702, 353, 30, 272, 0, 58, 631, 475], [835, 527, 529, 394, 162, 639, 216, 574, 423, 162, 742, 661, 566, 311, 477, 572, 406, 719, 569, 422, 503, 419, 367, 309, 314, 384, 199, 434, 588, 454, 236, 290, 637, 395, 230, 388, 782, 285, 114, 273, 539, 105, 720, 328, 88, 218, 58, 0, 576, 432], [939, 755, 1096, 949, 418, 1199, 786, 832, 184, 646, 944, 931, 1077, 430, 306, 670, 523, 865, 1085, 956, 1064, 915, 901, 343, 740, 927, 727, 1009, 1120, 498, 505, 516, 1112, 869, 668, 715, 1331, 835, 640, 321, 790, 602, 948, 645, 662, 444, 631, 576, 0, 279], [673, 476, 898, 744, 281, 990, 610, 553, 291, 561, 667, 652, 838, 463, 56, 395, 245, 591, 848, 853, 859, 677, 798, 372, 494, 713, 522, 839, 890, 219, 267, 259, 858, 627, 437, 716, 1108, 632, 532, 176, 512, 503, 669, 642, 502, 418, 475, 432, 279, 0]]}