{"n": 50, "m": 50, "facilities": [{"i": 0, "x": 109, "y": 727}, {"i": 1, "x": 588, "y": 383}, {"i": 2, "x": 192, "y": 383}, {"i": 3, "x": 1000, "y": 428}, {"i": 4, "x": 882, "y": 94}, {"i": 5, "x": 398, "y": 344}, {"i": 6, "x": 259, "y": 424}, {"i": 7, "x": 1000, "y": 797}, {"i": 8, "x": 341, "y": 48}, {"i": 9, "x": 731, "y": 490}, {"i": 10, "x": 811, "y": 723}, {"i": 11, "x": 171, "y": 503}, {"i": 12, "x": 824, "y": 873}, {"i": 13, "x": 264, "y": 279}, {"i": 14, "x": 222, "y": 484}, {"i": 15, "x": 647, "y": 795}, {"i": 16, "x": 571, "y": 583}, {"i": 17, "x": 961, "y": 839}, {"i": 18, "x": 361, "y": 413}, {"i": 19, "x": 117, "y": 538}, {"i": 20, "x": 245, "y": 708}, {"i": 21, "x": 948, "y": 649}, {"i": 22, "x": 926, "y": 417}, {"i": 23, "x": 163, "y": 227}, {"i": 24, "x": 133, "y": 973}, {"i": 25, "x": 1000, "y": 15}, {"i": 26, "x": 472, "y": 384}, {"i": 27, "x": 370, "y": 522}, {"i": 28, "x": 945, "y": 924}, {"i": 29, "x": 856, "y": 663}, {"i": 30, "x": 245, "y": 701}, {"i": 31, "x": 117, "y": 421}, {"i": 32, "x": 170, "y": 729}, {"i": 33, "x": 694, "y": 536}, {"i": 34, "x": 301, "y": 294}, {"i": 35, "x": 68, "y": 37}, {"i": 36, "x": 421, "y": 515}, {"i": 37, "x": 577, "y": 930}, {"i": 38, "x": 854, "y": 52}, {"i": 39, "x": 655, "y": 358}, {"i": 40, "x": 679, "y": 151}, {"i": 41, "x": 989, "y": 603}, {"i": 42, "x": 181, "y": 255}, {"i": 43, "x": 888, "y": 697}, {"i": 44, "x": 264, "y": 152}, {"i": 45, "x": 617, "y": 389}, {"i": 46, "x": 968, "y": 882}, {"i": 47, "x": 24, "y": 741}, {"i": 48, "x": 386, "y": 651}, {"i": 49, "x": 236, "y": 502}], "users": [{"i": 0, "x": 128, "y": 505}, {"i": 1, "x": 211, "y": 936}, {"i": 2, "x": 13, "y": 756}, {"i": 3, "x": 721, "y": 595}, {"i": 4, "x": 297, "y": 45}, {"i": 5, "x": 823, "y": 649}, {"i": 6, "x": 299, "y": 161}, {"i": 7, "x": 129, "y": 717}, {"i": 8, "x": 287, "y": 803}, {"i": 9, "x": 196, "y": 249}, {"i": 10, "x": 530, "y": 622}, {"i": 11, "x": 666, "y": 369}, {"i": 12, "x": 563, "y": 94}, {"i": 13, "x": 987, "y": 348}, {"i": 14, "x": 100, "y": 223}, {"i": 15, "x": 729, "y": 968}, {"i": 16, "x": 880, "y": 798}, {"i": 17, "x": 247, "y": 373}, {"i": 18, "x": 33, "y": 929}, {"i": 19, "x": 328, "y": 968}, {"i": 20, "x": 287, "y": 418}, {"i": 21, "x": 358, "y": 884}, {"i": 22, "x": 671, "y": 154}, {"i": 23, "x": 32, "y": 344}, {"i": 24, "x": 220, "y": 654}, {"i": 25, "x": 378, "y": 499}, {"i": 26, "x": 892, "y": 470}, {"i": 27, "x": 10, "y": 960}, {"i": 28, "x": 648, "y": 94}, {"i": 29, "x": 873, "y": 228}, {"i": 30, "x": 373, "y": 542}, {"i": 31, "x": 172, "y": 603}, {"i": 32, "x": 657, "y": 14}, {"i": 33, "x": 513, "y": 25}, {"i": 34, "x": 161, "y": 723}, {"i": 35, "x": 413, "y": 758}, {"i": 36, "x": 83, "y": 587}, {"i": 37, "x": 610, "y": 46}, {"i": 38, "x": 556, "y": 435}, {"i": 39, "x": 665, "y": 198}, {"i": 40, "x": 278, "y": 539}, {"i": 41, "x": 457, "y": 288}, {"i": 42, "x": 875, "y": 413}, {"i": 43, "x": 963, "y": 404}, {"i": 44, "x": 63, "y": 160}, {"i": 45, "x": 528, "y": 906}, {"i": 46, "x": 64, "y": 231}, {"i": 47, "x": 613, "y": 956}, {"i": 48, "x": 352, "y": 747}, {"i": 49, "x": 642, "y": 705}], "distances": [[223, 476, 138, 875, 859, 314, 154, 920, 504, 603, 717, 43, 787, 264, 96, 595, 450, 897, 251, 35, 234, 833, 803, 280, 468, 1000, 365, 243, 918, 745, 228, 85, 228, 567, 273, 472, 293, 618, 856, 547, 655, 867, 256, 784, 378, 503, 921, 258, 296, 108], [233, 669, 553, 938, 1077, 621, 514, 801, 897, 685, 637, 435, 616, 659, 452, 458, 504, 756, 544, 409, 231, 791, 884, 711, 86, 1213, 611, 443, 734, 700, 237, 524, 211, 627, 648, 910, 470, 366, 1093, 729, 914, 846, 682, 718, 786, 681, 759, 270, 334, 435], [100, 685, 414, 1040, 1092, 564, 413, 988, 780, 766, 799, 298, 819, 539, 343, 635, 584, 952, 489, 242, 237, 941, 974, 550, 248, 1234, 591, 427, 947, 848, 238, 351, 159, 716, 544, 721, 474, 590, 1097, 755, 900, 988, 528, 877, 654, 707, 963, 19, 387, 338], [626, 250, 570, 325, 526, 409, 493, 344, 666, 105, 156, 558, 296, 556, 511, 213, 150, 342, 403, 607, 489, 233, 271, 668, 699, 644, 326, 359, 398, 151, 488, 629, 567, 65, 517, 859, 310, 365, 559, 246, 446, 268, 638, 196, 636, 231, 379, 712, 340, 494], [707, 446, 354, 801, 587, 316, 381, 1029, 44, 622, 851, 475, 981, 236, 445, 828, 604, 1035, 374, 525, 665, 888, 731, 226, 942, 704, 382, 483, 1092, 833, 658, 417, 696, 631, 249, 229, 486, 928, 557, 476, 396, 889, 240, 880, 112, 470, 1073, 748, 613, 461], [718, 355, 685, 283, 558, 523, 607, 231, 770, 184, 75, 668, 224, 670, 623, 229, 260, 235, 519, 715, 581, 125, 254, 783, 762, 658, 440, 470, 301, 36, 580, 742, 658, 171, 631, 972, 424, 373, 598, 336, 518, 172, 753, 81, 748, 332, 274, 804, 437, 605], [597, 364, 246, 750, 587, 208, 266, 947, 121, 543, 760, 365, 885, 123, 332, 723, 502, 948, 260, 419, 550, 812, 677, 151, 829, 716, 282, 368, 1000, 750, 543, 317, 582, 545, 133, 262, 374, 818, 566, 407, 380, 819, 151, 796, 36, 391, 984, 642, 498, 347], [22, 568, 340, 918, 977, 460, 321, 875, 702, 643, 682, 218, 712, 458, 251, 524, 462, 841, 382, 179, 116, 822, 852, 491, 256, 1119, 478, 310, 842, 729, 117, 296, 43, 593, 457, 683, 355, 496, 984, 637, 789, 868, 465, 759, 581, 588, 855, 108, 265, 240], [194, 517, 431, 806, 926, 472, 380, 713, 757, 543, 530, 322, 542, 525, 326, 360, 359, 675, 397, 315, 104, 679, 747, 589, 229, 1063, 458, 293, 669, 586, 110, 418, 138, 487, 509, 797, 318, 317, 941, 577, 761, 730, 558, 610, 651, 529, 686, 270, 181, 305], [486, 414, 134, 824, 703, 223, 186, 973, 248, 587, 776, 255, 885, 74, 236, 708, 502, 966, 233, 300, 462, 852, 749, 40, 727, 837, 307, 324, 1008, 779, 455, 189, 481, 575, 114, 248, 348, 780, 687, 472, 493, 868, 16, 824, 118, 444, 998, 521, 445, 256], [434, 246, 414, 508, 635, 308, 336, 502, 604, 240, 299, 378, 387, 434, 338, 209, 57, 483, 269, 421, 298, 419, 446, 539, 530, 768, 245, 189, 513, 329, 296, 459, 376, 185, 400, 745, 153, 312, 656, 292, 494, 459, 506, 366, 540, 249, 509, 520, 147, 318], [662, 79, 474, 339, 350, 269, 411, 543, 457, 137, 383, 513, 528, 412, 459, 426, 234, 555, 308, 574, 541, 397, 264, 523, 806, 487, 195, 333, 621, 350, 536, 551, 613, 169, 373, 684, 285, 568, 369, 16, 218, 399, 498, 396, 457, 53, 595, 742, 397, 450], [779, 290, 470, 550, 319, 300, 449, 828, 227, 430, 676, 567, 822, 352, 518, 706, 489, 845, 378, 629, 691, 675, 486, 422, 979, 444, 304, 470, 914, 640, 685, 553, 747, 461, 330, 498, 444, 836, 294, 280, 129, 664, 415, 685, 305, 300, 886, 842, 584, 523], [956, 401, 796, 81, 275, 589, 732, 449, 712, 293, 414, 831, 550, 726, 777, 562, 478, 492, 629, 891, 825, 304, 92, 833, 1058, 333, 516, 641, 578, 341, 822, 873, 901, 348, 688, 970, 590, 712, 325, 332, 366, 255, 811, 363, 749, 372, 534, 1040, 673, 767], [504, 514, 185, 923, 793, 322, 256, 1067, 298, 685, 869, 289, 973, 173, 288, 791, 593, 1059, 323, 315, 506, 949, 848, 63, 751, 924, 405, 403, 1098, 875, 500, 199, 511, 671, 213, 189, 434, 853, 773, 571, 583, 967, 87, 920, 179, 543, 1090, 524, 515, 310], [665, 602, 794, 604, 887, 706, 719, 320, 998, 478, 258, 726, 134, 831, 701, 191, 416, 265, 666, 748, 549, 387, 585, 932, 596, 991, 638, 573, 220, 330, 553, 821, 608, 433, 798, 1142, 548, 157, 924, 614, 819, 448, 899, 314, 939, 590, 254, 741, 467, 678], [774, 507, 803, 389, 704, 662, 725, 120, 924, 342, 102, 768, 94, 805, 729, 233, 376, 91, 646, 806, 641, 164, 384, 917, 767, 792, 581, 580, 142, 137, 642, 851, 713, 321, 768, 1113, 539, 331, 746, 494, 678, 223, 885, 101, 893, 486, 122, 858, 515, 709], [380, 341, 56, 755, 694, 154, 52, 864, 338, 498, 664, 151, 763, 96, 114, 581, 386, 853, 121, 210, 335, 753, 680, 168, 611, 834, 225, 193, 889, 675, 328, 139, 364, 476, 96, 381, 225, 647, 687, 408, 486, 777, 135, 718, 222, 370, 883, 430, 311, 129], [216, 779, 569, 1089, 1191, 690, 553, 976, 933, 825, 805, 448, 793, 690, 483, 628, 640, 932, 611, 400, 306, 957, 1029, 714, 109, 1331, 700, 528, 912, 865, 311, 515, 242, 769, 689, 893, 567, 544, 1201, 844, 1011, 1010, 690, 886, 811, 795, 936, 188, 449, 473], [326, 640, 601, 862, 1035, 628, 548, 693, 920, 625, 542, 491, 505, 692, 495, 363, 455, 646, 556, 479, 273, 697, 813, 759, 195, 1166, 601, 448, 619, 610, 280, 586, 287, 566, 675, 967, 462, 252, 1056, 692, 889, 755, 728, 622, 819, 647, 646, 379, 322, 475], [357, 303, 101, 713, 677, 133, 29, 807, 374, 450, 606, 144, 704, 141, 93, 521, 328, 795, 74, 208, 293, 700, 639, 228, 576, 819, 188, 133, 830, 620, 286, 170, 332, 424, 125, 439, 165, 588, 675, 373, 474, 726, 194, 663, 267, 331, 824, 417, 253, 98], [294, 551, 528, 787, 948, 541, 471, 648, 836, 543, 481, 424, 466, 612, 422, 302, 369, 605, 471, 422, 209, 635, 735, 685, 242, 1080, 513, 362, 588, 545, 215, 522, 244, 484, 593, 895, 374, 224, 969, 604, 800, 691, 653, 562, 738, 559, 610, 363, 235, 401], [803, 244, 531, 428, 219, 333, 493, 722, 347, 341, 586, 610, 735, 426, 557, 641, 441, 744, 404, 674, 699, 567, 366, 513, 980, 357, 304, 475, 817, 542, 693, 615, 763, 383, 396, 614, 439, 782, 210, 205, 9, 550, 500, 585, 407, 241, 786, 874, 573, 557], [391, 557, 165, 972, 886, 366, 241, 1069, 428, 714, 866, 211, 952, 241, 236, 763, 590, 1053, 336, 212, 422, 965, 897, 176, 637, 1022, 442, 382, 1082, 884, 416, 115, 409, 689, 274, 309, 425, 800, 872, 623, 675, 991, 174, 926, 301, 587, 1080, 397, 469, 258], [133, 457, 272, 812, 867, 357, 233, 793, 618, 537, 595, 159, 642, 378, 170, 450, 358, 764, 279, 155, 60, 728, 745, 431, 331, 1008, 369, 200, 774, 636, 53, 255, 90, 488, 369, 635, 244, 451, 874, 526, 681, 771, 401, 669, 504, 477, 782, 214, 166, 153], [353, 240, 219, 626, 647, 156, 141, 690, 453, 353, 488, 207, 582, 248, 157, 400, 210, 675, 88, 264, 248, 589, 554, 347, 534, 788, 149, 24, 709, 505, 242, 272, 310, 318, 219, 556, 46, 475, 653, 311, 460, 620, 314, 547, 365, 263, 703, 429, 152, 142], [824, 316, 705, 116, 376, 510, 635, 344, 694, 162, 266, 722, 409, 656, 670, 407, 340, 375, 534, 778, 689, 188, 63, 768, 911, 468, 429, 525, 457, 196, 687, 777, 767, 209, 617, 931, 473, 558, 420, 262, 384, 165, 743, 227, 704, 287, 419, 909, 537, 657], [253, 817, 605, 1124, 1229, 728, 591, 1003, 970, 861, 835, 485, 819, 727, 521, 658, 676, 959, 650, 435, 345, 988, 1065, 749, 124, 1369, 738, 567, 936, 897, 350, 550, 281, 805, 727, 925, 606, 568, 1240, 882, 1050, 1042, 725, 917, 847, 833, 961, 219, 487, 511], [831, 295, 540, 485, 234, 354, 510, 786, 310, 405, 650, 628, 799, 426, 578, 701, 495, 808, 429, 692, 734, 631, 426, 503, 1019, 361, 339, 510, 882, 606, 729, 624, 795, 444, 401, 583, 478, 839, 210, 264, 65, 613, 494, 649, 388, 297, 850, 899, 616, 580], [913, 324, 698, 237, 134, 489, 645, 583, 562, 298, 499, 754, 647, 611, 700, 610, 466, 617, 544, 817, 790, 428, 196, 710, 1050, 248, 430, 583, 700, 435, 786, 780, 863, 356, 576, 827, 535, 762, 177, 254, 209, 393, 693, 469, 614, 302, 661, 992, 645, 693], [322, 267, 241, 637, 678, 200, 164, 677, 495, 362, 474, 206, 559, 285, 162, 373, 202, 659, 130, 256, 210, 585, 567, 379, 493, 819, 186, 20, 688, 498, 204, 283, 276, 321, 258, 590, 55, 438, 687, 337, 497, 619, 345, 538, 405, 288, 685, 402, 110, 143], [139, 471, 221, 846, 874, 344, 199, 850, 580, 570, 650, 100, 706, 337, 129, 512, 400, 824, 268, 85, 128, 777, 777, 376, 372, 1016, 371, 214, 837, 687, 122, 190, 126, 526, 335, 575, 264, 521, 877, 542, 679, 817, 348, 722, 460, 494, 843, 202, 219, 120], [899, 375, 594, 538, 239, 420, 571, 855, 318, 482, 726, 689, 875, 474, 640, 781, 575, 879, 497, 752, 807, 699, 485, 538, 1093, 343, 414, 583, 954, 679, 801, 676, 865, 523, 453, 589, 554, 919, 201, 344, 139, 676, 534, 721, 417, 377, 922, 964, 692, 645], [810, 366, 481, 632, 375, 339, 473, 913, 174, 514, 759, 588, 903, 356, 543, 782, 561, 929, 417, 648, 734, 761, 569, 404, 1021, 487, 361, 517, 997, 724, 727, 560, 783, 542, 342, 445, 499, 907, 342, 362, 208, 749, 404, 770, 280, 379, 970, 867, 639, 552], [52, 546, 341, 889, 957, 447, 315, 842, 699, 616, 650, 220, 680, 456, 247, 491, 433, 808, 369, 190, 85, 790, 824, 496, 252, 1098, 460, 290, 809, 698, 87, 305, 11, 565, 451, 692, 333, 465, 965, 614, 772, 837, 468, 727, 580, 565, 823, 138, 236, 233], [306, 414, 435, 673, 813, 414, 368, 588, 714, 416, 400, 352, 427, 502, 334, 237, 236, 554, 349, 369, 175, 546, 616, 587, 353, 947, 379, 240, 557, 453, 177, 449, 245, 358, 477, 799, 243, 238, 832, 468, 663, 596, 554, 479, 624, 422, 569, 389, 110, 311], [142, 545, 231, 931, 939, 398, 240, 941, 598, 655, 741, 122, 794, 357, 173, 601, 488, 913, 328, 60, 202, 867, 860, 369, 389, 1081, 439, 294, 926, 777, 198, 169, 167, 613, 365, 550, 346, 601, 938, 616, 738, 906, 346, 812, 471, 570, 933, 165, 310, 175], [845, 338, 537, 546, 276, 366, 516, 846, 269, 460, 706, 634, 854, 417, 585, 750, 538, 867, 443, 697, 756, 691, 487, 482, 1043, 391, 365, 533, 940, 664, 750, 619, 812, 497, 396, 542, 506, 885, 244, 315, 126, 674, 477, 708, 362, 343, 909, 909, 645, 590], [534, 61, 368, 444, 472, 182, 297, 573, 443, 183, 385, 391, 513, 331, 338, 371, 149, 572, 196, 451, 414, 447, 370, 445, 684, 611, 98, 205, 625, 377, 409, 439, 485, 171, 291, 630, 157, 495, 485, 125, 309, 464, 416, 423, 407, 76, 608, 614, 275, 327], [767, 200, 508, 406, 241, 304, 465, 686, 357, 299, 545, 581, 693, 409, 527, 597, 396, 706, 372, 645, 661, 532, 341, 503, 940, 382, 268, 438, 778, 503, 655, 592, 726, 339, 376, 618, 400, 737, 239, 160, 49, 519, 487, 547, 404, 197, 748, 840, 532, 526], [253, 347, 178, 730, 750, 229, 117, 767, 495, 456, 564, 113, 640, 260, 78, 449, 296, 746, 151, 161, 172, 679, 659, 333, 458, 892, 248, 94, 770, 591, 165, 200, 219, 416, 246, 544, 145, 492, 754, 418, 558, 714, 300, 630, 387, 371, 771, 325, 156, 56], [560, 162, 282, 561, 467, 81, 240, 744, 267, 340, 561, 358, 691, 193, 306, 541, 316, 747, 158, 422, 470, 609, 486, 300, 758, 608, 97, 250, 802, 548, 464, 365, 526, 343, 156, 463, 230, 653, 462, 210, 261, 618, 278, 594, 236, 189, 784, 627, 370, 308], [828, 289, 684, 126, 319, 482, 616, 404, 647, 163, 317, 710, 463, 626, 657, 445, 348, 435, 514, 768, 696, 247, 51, 736, 930, 417, 404, 517, 516, 251, 693, 758, 773, 219, 586, 890, 465, 597, 362, 227, 327, 222, 712, 284, 664, 259, 478, 912, 544, 645], [913, 376, 771, 44, 320, 568, 704, 395, 717, 247, 353, 798, 489, 710, 745, 503, 431, 435, 602, 857, 780, 245, 39, 819, 1006, 391, 491, 605, 520, 280, 777, 846, 857, 300, 671, 967, 553, 652, 368, 311, 380, 201, 796, 302, 743, 346, 478, 998, 628, 734], [569, 570, 258, 975, 822, 382, 329, 1133, 300, 745, 936, 360, 1043, 234, 361, 863, 661, 1126, 391, 382, 577, 1011, 900, 120, 816, 948, 466, 475, 1167, 939, 571, 267, 579, 735, 273, 123, 504, 926, 798, 624, 616, 1027, 151, 984, 201, 599, 1158, 582, 588, 383], [456, 526, 622, 672, 886, 577, 552, 484, 878, 463, 337, 538, 298, 680, 521, 163, 326, 438, 521, 552, 345, 492, 630, 771, 401, 1008, 525, 415, 417, 408, 349, 636, 399, 406, 653, 983, 405, 55, 914, 563, 770, 552, 738, 416, 799, 525, 441, 530, 292, 498], [498, 546, 199, 957, 829, 353, 274, 1094, 332, 716, 894, 292, 995, 206, 298, 811, 617, 1084, 348, 312, 510, 978, 882, 99, 745, 961, 436, 422, 1121, 902, 504, 197, 509, 700, 245, 194, 456, 867, 810, 604, 620, 997, 119, 947, 215, 575, 1114, 512, 529, 321], [554, 574, 711, 655, 903, 649, 639, 418, 948, 481, 306, 633, 227, 762, 613, 165, 375, 367, 599, 649, 444, 454, 623, 857, 480, 1017, 589, 497, 334, 381, 448, 730, 498, 428, 732, 1068, 481, 44, 936, 599, 808, 516, 823, 378, 876, 567, 363, 627, 380, 590], [244, 434, 398, 722, 841, 406, 336, 650, 699, 458, 460, 304, 489, 476, 293, 299, 274, 616, 334, 314, 114, 604, 662, 553, 315, 978, 382, 226, 619, 511, 116, 402, 183, 402, 456, 765, 242, 290, 857, 493, 680, 653, 521, 538, 601, 445, 631, 328, 102, 271], [533, 326, 553, 453, 656, 436, 475, 370, 723, 233, 170, 512, 248, 570, 475, 90, 141, 346, 405, 551, 397, 311, 404, 677, 575, 777, 363, 328, 374, 218, 397, 597, 473, 177, 534, 881, 291, 234, 687, 347, 555, 362, 644, 246, 670, 317, 371, 619, 262, 454]], "facilities_distances": [[0, 590, 354, 940, 999, 480, 338, 894, 718, 666, 702, 232, 730, 474, 268, 542, 484, 859, 403, 189, 137, 843, 874, 503, 247, 1141, 499, 332, 859, 750, 138, 306, 61, 615, 474, 691, 377, 510, 1005, 659, 810, 889, 477, 780, 596, 610, 873, 86, 287, 258], [590, 0, 396, 414, 412, 194, 332, 584, 416, 179, 407, 434, 544, 340, 380, 416, 201, 589, 229, 496, 473, 448, 340, 453, 745, 552, 116, 259, 648, 388, 468, 473, 543, 186, 300, 625, 213, 547, 425, 72, 249, 457, 427, 434, 398, 30, 627, 668, 336, 372], [354, 396, 0, 809, 748, 210, 79, 908, 367, 550, 706, 122, 800, 126, 105, 614, 429, 894, 172, 172, 329, 801, 735, 159, 593, 888, 280, 226, 927, 721, 322, 84, 347, 525, 141, 368, 264, 669, 740, 464, 539, 827, 128, 764, 242, 425, 923, 395, 331, 127], [940, 414, 809, 0, 354, 608, 741, 369, 761, 276, 350, 832, 479, 751, 780, 509, 456, 413, 639, 890, 805, 227, 75, 861, 1024, 413, 530, 637, 499, 276, 803, 883, 883, 324, 712, 1011, 585, 656, 403, 352, 424, 175, 837, 291, 786, 385, 455, 1025, 653, 768], [999, 412, 748, 354, 0, 545, 705, 713, 543, 424, 633, 820, 781, 645, 767, 739, 580, 749, 611, 885, 885, 559, 326, 731, 1155, 142, 502, 667, 832, 570, 880, 832, 954, 480, 614, 816, 624, 890, 50, 348, 211, 520, 719, 603, 621, 397, 793, 1075, 746, 764], [480, 194, 210, 608, 545, 0, 160, 753, 301, 364, 561, 277, 679, 149, 225, 515, 295, 750, 78, 341, 395, 629, 533, 263, 683, 686, 84, 180, 797, 558, 388, 291, 447, 353, 109, 451, 173, 613, 541, 257, 341, 645, 235, 604, 234, 224, 784, 545, 307, 226], [338, 332, 79, 741, 705, 160, 0, 830, 385, 477, 628, 118, 722, 145, 70, 537, 350, 815, 103, 182, 284, 725, 667, 219, 563, 846, 217, 148, 849, 643, 277, 142, 318, 449, 137, 432, 186, 598, 702, 401, 501, 752, 186, 686, 272, 360, 844, 395, 260, 81], [894, 584, 908, 369, 713, 753, 830, 0, 998, 408, 203, 880, 192, 900, 839, 353, 479, 57, 746, 920, 760, 157, 387, 1013, 885, 782, 670, 687, 138, 197, 761, 960, 833, 402, 861, 1203, 644, 443, 759, 558, 721, 194, 982, 150, 979, 560, 91, 978, 631, 819], [718, 416, 367, 761, 543, 301, 385, 998, 0, 589, 823, 486, 956, 243, 452, 807, 582, 1005, 366, 539, 667, 854, 692, 252, 948, 660, 361, 475, 1064, 802, 660, 435, 702, 602, 249, 273, 474, 913, 513, 441, 353, 853, 262, 849, 129, 439, 1043, 762, 605, 466], [666, 179, 550, 276, 424, 364, 477, 408, 589, 0, 246, 560, 394, 512, 509, 316, 185, 418, 378, 616, 533, 269, 208, 626, 769, 546, 280, 362, 484, 213, 530, 618, 610, 59, 473, 803, 311, 466, 455, 152, 343, 282, 598, 260, 576, 152, 458, 750, 381, 495], [702, 407, 706, 350, 633, 561, 628, 203, 823, 246, 0, 677, 151, 705, 636, 179, 278, 190, 546, 718, 566, 156, 327, 816, 723, 733, 479, 485, 242, 75, 566, 757, 641, 221, 666, 1011, 442, 312, 672, 397, 587, 215, 785, 81, 791, 386, 223, 787, 431, 616], [232, 434, 122, 832, 820, 277, 118, 880, 486, 560, 677, 0, 751, 243, 54, 558, 408, 858, 210, 64, 218, 791, 760, 276, 472, 962, 324, 200, 881, 703, 211, 98, 226, 524, 246, 477, 250, 589, 818, 505, 618, 824, 248, 743, 363, 460, 883, 280, 261, 65], [730, 544, 800, 479, 781, 679, 722, 192, 956, 394, 151, 751, 0, 816, 717, 193, 385, 141, 653, 782, 602, 256, 467, 924, 698, 876, 603, 574, 131, 212, 604, 839, 670, 361, 780, 1127, 539, 253, 822, 542, 736, 316, 892, 187, 913, 526, 144, 811, 491, 695], [474, 340, 126, 751, 645, 149, 145, 900, 243, 512, 705, 243, 816, 0, 209, 643, 432, 894, 165, 298, 429, 778, 676, 114, 706, 782, 233, 265, 938, 706, 422, 204, 460, 501, 40, 311, 283, 722, 632, 399, 434, 794, 86, 751, 127, 370, 927, 521, 391, 225], [268, 380, 105, 780, 767, 225, 70, 839, 452, 509, 636, 54, 717, 209, 0, 527, 363, 820, 156, 118, 225, 745, 707, 264, 497, 908, 269, 153, 846, 659, 218, 122, 250, 475, 206, 473, 201, 570, 766, 451, 565, 776, 233, 699, 335, 406, 846, 324, 234, 23], [542, 416, 614, 509, 739, 515, 537, 353, 807, 316, 179, 558, 193, 643, 527, 0, 225, 317, 477, 589, 411, 335, 470, 746, 544, 856, 447, 389, 325, 247, 413, 649, 482, 263, 609, 954, 360, 152, 771, 437, 645, 392, 713, 260, 748, 407, 333, 625, 298, 505], [484, 201, 429, 456, 580, 295, 350, 479, 582, 185, 278, 408, 385, 432, 363, 225, 0, 467, 270, 456, 349, 383, 392, 541, 586, 712, 222, 210, 506, 296, 347, 482, 427, 132, 396, 742, 165, 347, 602, 240, 445, 418, 510, 337, 529, 199, 497, 569, 197, 345], [859, 589, 894, 413, 749, 750, 815, 57, 1005, 418, 190, 858, 141, 894, 820, 317, 467, 0, 736, 896, 728, 190, 423, 1006, 839, 825, 668, 671, 86, 205, 729, 942, 799, 404, 856, 1200, 630, 395, 794, 570, 744, 238, 974, 160, 979, 566, 44, 942, 605, 799], [403, 229, 172, 639, 611, 78, 103, 746, 366, 378, 546, 210, 653, 165, 156, 477, 270, 736, 0, 274, 317, 633, 565, 272, 605, 753, 115, 109, 776, 555, 310, 244, 369, 355, 133, 477, 118, 560, 611, 299, 412, 656, 240, 599, 278, 257, 767, 470, 239, 153], [189, 496, 172, 890, 885, 341, 182, 920, 539, 616, 718, 64, 782, 298, 118, 589, 456, 896, 274, 0, 213, 838, 818, 314, 435, 1026, 387, 254, 914, 749, 207, 117, 198, 577, 306, 503, 305, 604, 883, 567, 682, 874, 290, 787, 413, 522, 918, 223, 292, 124], [137, 473, 329, 805, 885, 395, 284, 760, 667, 533, 566, 218, 602, 429, 225, 411, 349, 728, 317, 213, 0, 705, 741, 488, 288, 1025, 396, 224, 733, 613, 7, 314, 78, 481, 418, 694, 261, 399, 895, 539, 706, 751, 457, 643, 556, 490, 744, 223, 152, 206], [843, 448, 801, 227, 559, 629, 725, 157, 854, 269, 156, 791, 256, 778, 745, 335, 383, 190, 633, 838, 705, 0, 233, 891, 877, 636, 545, 592, 275, 93, 705, 862, 782, 278, 738, 1072, 544, 465, 604, 413, 566, 62, 862, 77, 845, 421, 234, 929, 562, 727], [874, 340, 735, 75, 326, 533, 667, 387, 692, 208, 327, 760, 467, 676, 707, 470, 392, 423, 565, 818, 741, 233, 0, 786, 968, 409, 455, 566, 507, 256, 738, 809, 818, 261, 637, 938, 514, 620, 372, 277, 363, 196, 762, 283, 713, 310, 467, 958, 589, 695], [503, 453, 159, 861, 731, 263, 219, 1013, 252, 626, 816, 276, 924, 114, 264, 746, 541, 1006, 272, 314, 488, 891, 786, 0, 747, 863, 347, 360, 1048, 819, 481, 199, 502, 614, 153, 212, 387, 816, 713, 509, 522, 908, 33, 864, 126, 482, 1038, 532, 479, 285], [247, 745, 593, 1024, 1155, 683, 563, 885, 948, 769, 723, 472, 698, 706, 497, 544, 586, 839, 605, 435, 288, 877, 968, 747, 0, 1292, 680, 509, 813, 787, 294, 552, 247, 711, 699, 938, 541, 446, 1170, 807, 987, 933, 720, 804, 831, 758, 840, 256, 410, 482], [1141, 552, 888, 413, 142, 686, 846, 782, 660, 546, 733, 962, 876, 782, 908, 856, 712, 825, 753, 1026, 1025, 636, 409, 863, 1292, 0, 644, 809, 911, 664, 1020, 972, 1095, 604, 753, 932, 765, 1008, 151, 486, 349, 588, 853, 691, 749, 535, 868, 1216, 884, 906], [499, 116, 280, 530, 502, 84, 217, 670, 361, 280, 479, 324, 603, 233, 269, 447, 222, 668, 115, 387, 396, 545, 455, 347, 680, 644, 0, 172, 718, 475, 390, 357, 459, 269, 193, 533, 141, 556, 506, 185, 312, 561, 318, 521, 312, 145, 703, 573, 281, 264], [332, 259, 226, 637, 667, 180, 148, 687, 475, 362, 485, 200, 574, 265, 153, 389, 210, 671, 109, 254, 224, 592, 566, 360, 509, 809, 172, 0, 702, 506, 218, 272, 288, 324, 238, 571, 51, 458, 675, 329, 483, 624, 327, 547, 385, 281, 698, 409, 130, 135], [859, 648, 927, 499, 832, 797, 849, 138, 1064, 484, 242, 881, 131, 938, 846, 325, 506, 86, 776, 914, 733, 275, 507, 1048, 813, 911, 718, 702, 0, 276, 735, 969, 799, 462, 901, 1247, 665, 368, 877, 636, 817, 324, 1016, 234, 1029, 628, 48, 939, 622, 825], [750, 388, 721, 276, 570, 558, 643, 197, 802, 213, 75, 703, 212, 706, 659, 247, 296, 205, 555, 749, 613, 93, 256, 819, 787, 664, 475, 506, 276, 0, 612, 778, 689, 206, 666, 1006, 459, 386, 611, 365, 542, 146, 789, 47, 782, 364, 246, 836, 470, 641], [138, 468, 322, 803, 880, 388, 277, 761, 660, 530, 566, 211, 604, 422, 218, 413, 347, 729, 310, 207, 7, 705, 738, 481, 294, 1020, 390, 218, 735, 612, 0, 308, 80, 478, 411, 687, 256, 403, 890, 535, 701, 750, 451, 643, 549, 486, 745, 225, 150, 199], [306, 473, 84, 883, 832, 291, 142, 960, 435, 618, 757, 98, 839, 204, 122, 649, 482, 942, 244, 117, 314, 862, 809, 199, 552, 972, 357, 272, 969, 778, 308, 0, 313, 588, 224, 387, 318, 686, 824, 542, 623, 891, 178, 819, 307, 501, 968, 333, 354, 144], [61, 543, 347, 883, 954, 447, 318, 833, 702, 610, 641, 226, 670, 460, 250, 482, 427, 799, 369, 198, 78, 782, 818, 502, 247, 1095, 459, 288, 799, 689, 80, 313, 0, 558, 454, 699, 330, 454, 962, 611, 770, 829, 474, 719, 585, 562, 813, 146, 230, 236], [615, 186, 525, 324, 480, 353, 449, 402, 602, 59, 221, 524, 361, 501, 475, 263, 132, 404, 355, 577, 481, 278, 261, 614, 711, 604, 269, 324, 462, 206, 478, 588, 558, 0, 462, 801, 274, 411, 510, 182, 385, 303, 585, 252, 577, 166, 441, 701, 329, 459], [474, 300, 141, 712, 614, 109, 137, 861, 249, 473, 666, 246, 780, 40, 206, 609, 396, 856, 133, 306, 418, 738, 637, 153, 699, 753, 193, 238, 901, 666, 411, 224, 454, 462, 0, 347, 251, 693, 604, 360, 404, 754, 126, 712, 147, 330, 889, 526, 367, 218], [691, 625, 368, 1011, 816, 451, 432, 1203, 273, 803, 1011, 477, 1127, 311, 473, 954, 742, 1200, 477, 503, 694, 1072, 938, 212, 938, 932, 533, 571, 1247, 1006, 687, 387, 699, 801, 347, 0, 594, 1028, 786, 669, 622, 1081, 246, 1053, 227, 652, 1235, 705, 691, 494], [377, 213, 264, 585, 624, 173, 186, 644, 474, 311, 442, 250, 539, 283, 201, 360, 165, 630, 118, 305, 261, 544, 514, 387, 541, 765, 141, 51, 665, 459, 256, 318, 330, 274, 251, 594, 0, 443, 634, 282, 446, 575, 354, 501, 395, 233, 659, 457, 140, 185], [510, 547, 669, 656, 890, 613, 598, 443, 913, 466, 312, 589, 253, 722, 570, 152, 347, 395, 560, 604, 399, 465, 620, 816, 446, 1008, 556, 458, 368, 386, 403, 686, 454, 411, 693, 1028, 443, 0, 921, 577, 786, 526, 783, 389, 839, 542, 394, 584, 338, 547], [1005, 425, 740, 403, 50, 541, 702, 759, 513, 455, 672, 818, 822, 632, 766, 771, 602, 794, 611, 883, 895, 604, 372, 713, 1170, 151, 506, 675, 877, 611, 890, 824, 962, 510, 604, 786, 634, 921, 0, 365, 201, 567, 703, 646, 598, 412, 838, 1079, 760, 764], [659, 72, 464, 352, 348, 257, 401, 558, 441, 152, 397, 505, 542, 399, 451, 437, 240, 570, 299, 567, 539, 413, 277, 509, 807, 486, 185, 329, 636, 365, 535, 542, 611, 182, 360, 669, 282, 577, 365, 0, 208, 414, 485, 411, 442, 49, 610, 738, 398, 443], [810, 249, 539, 424, 211, 341, 501, 721, 353, 343, 587, 618, 736, 434, 565, 645, 445, 744, 412, 682, 706, 566, 363, 522, 987, 349, 312, 483, 817, 542, 701, 623, 770, 385, 404, 622, 446, 786, 201, 208, 0, 548, 509, 585, 415, 246, 786, 882, 580, 565], [889, 457, 827, 175, 520, 645, 752, 194, 853, 282, 215, 824, 316, 794, 776, 392, 418, 238, 656, 874, 751, 62, 196, 908, 933, 588, 561, 624, 324, 146, 750, 891, 829, 303, 754, 1081, 575, 526, 567, 414, 548, 0, 880, 138, 854, 429, 280, 975, 605, 760], [477, 427, 128, 837, 719, 235, 186, 982, 262, 598, 785, 248, 892, 86, 233, 713, 510, 974, 240, 290, 457, 862, 762, 33, 720, 853, 318, 327, 1016, 789, 451, 178, 474, 585, 126, 246, 354, 783, 703, 485, 509, 880, 0, 834, 132, 456, 1006, 511, 446, 253], [780, 434, 764, 291, 603, 604, 686, 150, 849, 260, 81, 743, 187, 751, 699, 260, 337, 160, 599, 787, 643, 77, 283, 864, 804, 691, 521, 547, 234, 47, 643, 819, 719, 252, 712, 1053, 501, 389, 646, 411, 585, 138, 834, 0, 828, 410, 202, 865, 504, 681], [596, 398, 242, 786, 621, 234, 272, 979, 129, 576, 791, 363, 913, 127, 335, 748, 529, 979, 278, 413, 556, 845, 713, 126, 831, 749, 312, 385, 1029, 782, 549, 307, 585, 577, 147, 227, 395, 839, 598, 442, 415, 854, 132, 828, 0, 425, 1014, 636, 514, 351], [610, 30, 425, 385, 397, 224, 360, 560, 439, 152, 386, 460, 526, 370, 406, 407, 199, 566, 257, 522, 490, 421, 310, 482, 758, 535, 145, 281, 628, 364, 486, 501, 562, 166, 330, 652, 233, 542, 412, 49, 246, 429, 456, 410, 425, 0, 605, 690, 349, 397], [873, 627, 923, 455, 793, 784, 844, 91, 1043, 458, 223, 883, 144, 927, 846, 333, 497, 44, 767, 918, 744, 234, 467, 1038, 840, 868, 703, 698, 48, 246, 745, 968, 813, 441, 889, 1235, 659, 394, 838, 610, 786, 280, 1006, 202, 1014, 605, 0, 954, 626, 825], [86, 668, 395, 1025, 1075, 545, 395, 978, 762, 750, 787, 280, 811, 521, 324, 625, 569, 942, 470, 223, 223, 929, 958, 532, 256, 1216, 573, 409, 939, 836, 225, 333, 146, 701, 526, 705, 457, 584, 1079, 738, 882, 975, 511, 865, 636, 690, 954, 0, 373, 319], [287, 336, 331, 653, 746, 307, 260, 631, 605, 381, 431, 261, 491, 391, 234, 298, 197, 605, 239, 292, 152, 562, 589, 479, 410, 884, 281, 130, 622, 470, 150, 354, 230, 329, 367, 691, 140, 338, 760, 398, 580, 605, 446, 504, 514, 349, 626, 373, 0, 211], [258, 372, 127, 768, 764, 226, 81, 819, 466, 495, 616, 65, 695, 225, 23, 505, 345, 799, 153, 124, 206, 727, 695, 285, 482, 906, 264, 135, 825, 641, 199, 144, 236, 459, 218, 494, 185, 547, 764, 443, 565, 760, 253, 681, 351, 397, 825, 319, 211, 0]]}