{"n": 50, "m": 50, "facilities": [{"i": 0, "x": 310, "y": 750}, {"i": 1, "x": 60, "y": 538}, {"i": 2, "x": 78, "y": 748}, {"i": 3, "x": 151, "y": 9}, {"i": 4, "x": 355, "y": 773}, {"i": 5, "x": 919, "y": 763}, {"i": 6, "x": 279, "y": 802}, {"i": 7, "x": 60, "y": 925}, {"i": 8, "x": 756, "y": 165}, {"i": 9, "x": 933, "y": 560}, {"i": 10, "x": 401, "y": 187}, {"i": 11, "x": 708, "y": 97}, {"i": 12, "x": 1000, "y": 772}, {"i": 13, "x": 139, "y": 318}, {"i": 14, "x": 560, "y": 784}, {"i": 15, "x": 275, "y": 32}, {"i": 16, "x": 34, "y": 964}, {"i": 17, "x": 725, "y": 970}, {"i": 18, "x": 650, "y": 125}, {"i": 19, "x": 531, "y": 220}, {"i": 20, "x": 621, "y": 577}, {"i": 21, "x": 663, "y": 766}, {"i": 22, "x": 784, "y": 37}, {"i": 23, "x": 397, "y": 955}, {"i": 24, "x": 378, "y": 984}, {"i": 25, "x": 231, "y": 95}, {"i": 26, "x": 772, "y": 938}, {"i": 27, "x": 554, "y": 993}, {"i": 28, "x": 799, "y": 110}, {"i": 29, "x": 473, "y": 678}, {"i": 30, "x": 931, "y": 156}, {"i": 31, "x": 778, "y": 694}, {"i": 32, "x": 927, "y": 683}, {"i": 33, "x": 837, "y": 899}, {"i": 34, "x": 5, "y": 469}, {"i": 35, "x": 225, "y": 988}, {"i": 36, "x": 139, "y": 622}, {"i": 37, "x": 935, "y": 495}, {"i": 38, "x": 416, "y": 67}, {"i": 39, "x": 498, "y": 377}, {"i": 40, "x": 365, "y": 833}, {"i": 41, "x": 196, "y": 311}, {"i": 42, "x": 521, "y": 736}, {"i": 43, "x": 343, "y": 385}, {"i": 44, "x": 597, "y": 237}, {"i": 45, "x": 276, "y": 578}, {"i": 46, "x": 882, "y": 0}, {"i": 47, "x": 677, "y": 965}, {"i": 48, "x": 185, "y": 356}, {"i": 49, "x": 645, "y": 118}], "users": [{"i": 0, "x": 276, "y": 596}, {"i": 1, "x": 273, "y": 423}, {"i": 2, "x": 430, "y": 807}, {"i": 3, "x": 158, "y": 43}, {"i": 4, "x": 598, "y": 433}, {"i": 5, "x": 759, "y": 387}, {"i": 6, "x": 189, "y": 271}, {"i": 7, "x": 591, "y": 110}, {"i": 8, "x": 668, "y": 742}, {"i": 9, "x": 847, "y": 33}, {"i": 10, "x": 383, "y": 11}, {"i": 11, "x": 913, "y": 600}, {"i": 12, "x": 232, "y": 34}, {"i": 13, "x": 186, "y": 253}, {"i": 14, "x": 219, "y": 131}, {"i": 15, "x": 508, "y": 243}, {"i": 16, "x": 86, "y": 50}, {"i": 17, "x": 305, "y": 299}, {"i": 18, "x": 784, "y": 315}, {"i": 19, "x": 790, "y": 654}, {"i": 20, "x": 689, "y": 273}, {"i": 21, "x": 522, "y": 443}, {"i": 22, "x": 963, "y": 857}, {"i": 23, "x": 343, "y": 5}, {"i": 24, "x": 928, "y": 234}, {"i": 25, "x": 269, "y": 40}, {"i": 26, "x": 477, "y": 816}, {"i": 27, "x": 843, "y": 422}, {"i": 28, "x": 128, "y": 455}, {"i": 29, "x": 420, "y": 892}, {"i": 30, "x": 384, "y": 33}, {"i": 31, "x": 293, "y": 43}, {"i": 32, "x": 534, "y": 615}, {"i": 33, "x": 318, "y": 649}, {"i": 34, "x": 401, "y": 720}, {"i": 35, "x": 946, "y": 138}, {"i": 36, "x": 97, "y": 247}, {"i": 37, "x": 383, "y": 397}, {"i": 38, "x": 150, "y": 64}, {"i": 39, "x": 705, "y": 820}, {"i": 40, "x": 59, "y": 687}, {"i": 41, "x": 287, "y": 334}, {"i": 42, "x": 593, "y": 38}, {"i": 43, "x": 982, "y": 155}, {"i": 44, "x": 136, "y": 543}, {"i": 45, "x": 693, "y": 464}, {"i": 46, "x": 811, "y": 379}, {"i": 47, "x": 720, "y": 478}, {"i": 48, "x": 401, "y": 252}, {"i": 49, "x": 189, "y": 204}], "distances": [[158, 224, 250, 600, 194, 664, 206, 394, 645, 658, 428, 660, 745, 310, 341, 564, 440, 584, 601, 454, 346, 423, 755, 379, 401, 503, 602, 485, 714, 213, 789, 511, 657, 638, 299, 395, 139, 667, 547, 312, 253, 296, 282, 221, 482, 18, 850, 545, 257, 604], [329, 242, 379, 432, 359, 730, 379, 545, 548, 674, 268, 544, 806, 170, 461, 391, 591, 710, 481, 328, 381, 519, 640, 546, 571, 331, 717, 636, 612, 324, 710, 573, 704, 738, 272, 567, 240, 666, 384, 230, 420, 136, 399, 80, 374, 155, 741, 676, 111, 481], [133, 457, 357, 845, 82, 491, 151, 388, 720, 560, 621, 762, 571, 569, 132, 790, 426, 337, 717, 596, 299, 237, 847, 152, 184, 739, 366, 224, 789, 136, 821, 366, 512, 417, 543, 273, 345, 594, 740, 435, 70, 548, 115, 431, 594, 276, 925, 293, 513, 722], [723, 505, 710, 35, 756, 1048, 769, 887, 610, 932, 282, 553, 1114, 276, 843, 118, 929, 1087, 499, 413, 707, 882, 626, 943, 966, 90, 1085, 1029, 644, 709, 781, 899, 1000, 1093, 453, 947, 579, 899, 259, 477, 817, 271, 782, 389, 480, 548, 725, 1058, 314, 493], [428, 548, 608, 616, 418, 460, 488, 729, 311, 358, 315, 354, 526, 473, 353, 515, 775, 552, 312, 223, 146, 339, 438, 559, 593, 499, 534, 562, 380, 275, 433, 317, 413, 524, 594, 669, 496, 343, 409, 115, 463, 420, 313, 259, 196, 353, 518, 538, 420, 318], [577, 715, 771, 716, 559, 409, 635, 882, 222, 245, 410, 294, 454, 624, 444, 600, 927, 584, 284, 283, 235, 391, 351, 674, 708, 603, 551, 640, 280, 408, 288, 308, 340, 518, 758, 804, 663, 206, 469, 261, 595, 568, 422, 416, 221, 519, 406, 584, 575, 292], [494, 297, 490, 265, 529, 880, 539, 667, 577, 798, 228, 547, 953, 69, 633, 254, 710, 881, 484, 346, 529, 685, 639, 715, 738, 181, 886, 809, 631, 496, 751, 725, 845, 902, 270, 718, 355, 779, 305, 327, 589, 41, 571, 192, 409, 319, 744, 848, 85, 481], [699, 682, 819, 451, 704, 731, 759, 973, 174, 565, 205, 118, 778, 498, 675, 325, 1020, 870, 61, 125, 468, 660, 206, 867, 900, 360, 848, 884, 208, 580, 343, 613, 664, 826, 687, 951, 683, 516, 180, 283, 757, 443, 630, 370, 127, 564, 311, 859, 475, 55], [358, 641, 590, 897, 315, 252, 394, 635, 584, 321, 616, 646, 333, 678, 116, 812, 672, 235, 617, 540, 172, 25, 714, 345, 378, 781, 222, 276, 645, 205, 642, 120, 266, 231, 717, 507, 542, 364, 721, 403, 316, 639, 147, 483, 510, 425, 772, 223, 618, 624], [896, 935, 1050, 696, 889, 734, 956, 1190, 160, 534, 472, 153, 755, 763, 804, 572, 1236, 945, 217, 367, 589, 756, 63, 1026, 1060, 619, 908, 1004, 91, 746, 149, 665, 655, 866, 948, 1140, 921, 470, 432, 490, 934, 708, 775, 615, 323, 789, 48, 947, 737, 219], [743, 618, 798, 232, 763, 923, 798, 969, 404, 777, 177, 336, 980, 392, 793, 110, 1015, 1018, 290, 256, 614, 805, 402, 944, 973, 174, 1005, 997, 428, 673, 567, 789, 865, 997, 594, 990, 658, 734, 65, 384, 822, 354, 738, 376, 311, 577, 499, 998, 398, 283], [621, 855, 848, 964, 584, 163, 665, 913, 462, 45, 658, 543, 193, 824, 398, 854, 951, 415, 543, 539, 293, 300, 578, 626, 659, 849, 366, 532, 503, 447, 444, 165, 84, 309, 917, 790, 774, 107, 729, 471, 595, 773, 415, 609, 481, 637, 601, 435, 768, 551], [720, 533, 730, 85, 749, 1002, 769, 907, 540, 876, 228, 480, 1065, 299, 819, 43, 951, 1058, 428, 352, 668, 849, 552, 936, 961, 61, 1053, 1012, 572, 688, 710, 857, 951, 1056, 491, 954, 595, 841, 187, 434, 810, 279, 759, 368, 418, 546, 651, 1032, 325, 421], [512, 312, 507, 246, 547, 893, 557, 684, 577, 808, 225, 545, 965, 80, 649, 238, 727, 897, 481, 347, 542, 700, 636, 733, 756, 164, 901, 826, 629, 513, 751, 738, 857, 917, 282, 736, 372, 787, 296, 336, 607, 59, 588, 205, 411, 337, 741, 865, 103, 478], [626, 437, 633, 140, 656, 943, 674, 810, 538, 833, 190, 490, 1010, 203, 737, 114, 853, 980, 431, 324, 600, 775, 573, 843, 868, 38, 978, 925, 580, 603, 712, 793, 898, 986, 400, 857, 497, 803, 207, 372, 717, 181, 676, 283, 393, 451, 676, 951, 228, 426], [544, 536, 663, 427, 552, 663, 604, 816, 260, 530, 121, 248, 722, 377, 543, 314, 863, 759, 185, 33, 353, 545, 344, 721, 752, 314, 743, 751, 320, 436, 432, 526, 608, 734, 551, 797, 529, 496, 199, 134, 607, 319, 493, 218, 89, 407, 446, 742, 342, 185], [735, 489, 698, 77, 771, 1096, 776, 875, 680, 989, 344, 624, 1165, 273, 874, 190, 915, 1120, 569, 476, 751, 920, 698, 957, 979, 152, 1122, 1053, 716, 738, 852, 945, 1053, 1133, 427, 948, 574, 959, 330, 526, 831, 283, 812, 422, 544, 561, 798, 1089, 322, 563], [451, 342, 503, 328, 477, 770, 504, 672, 470, 680, 148, 451, 841, 167, 548, 269, 718, 792, 386, 239, 421, 588, 546, 662, 689, 217, 791, 737, 529, 415, 642, 616, 731, 802, 345, 694, 363, 660, 257, 208, 537, 110, 487, 94, 299, 281, 650, 763, 133, 385], [643, 758, 828, 703, 628, 468, 702, 947, 153, 287, 404, 231, 505, 645, 520, 582, 992, 658, 232, 270, 309, 467, 278, 748, 783, 595, 623, 716, 206, 478, 217, 379, 395, 586, 794, 875, 714, 235, 444, 293, 666, 588, 496, 447, 203, 572, 330, 659, 600, 241], [490, 739, 718, 908, 451, 169, 532, 779, 490, 171, 608, 563, 241, 733, 264, 808, 817, 323, 547, 505, 186, 169, 617, 495, 528, 791, 285, 413, 544, 318, 518, 42, 140, 249, 807, 656, 652, 215, 696, 402, 461, 686, 281, 522, 459, 520, 660, 331, 674, 555], [609, 683, 774, 599, 601, 541, 669, 906, 127, 377, 301, 177, 588, 552, 527, 479, 952, 698, 153, 167, 312, 494, 254, 742, 776, 491, 670, 733, 197, 459, 269, 430, 474, 643, 712, 852, 651, 331, 342, 217, 647, 494, 493, 364, 99, 513, 334, 692, 511, 161], [373, 472, 539, 571, 370, 510, 434, 668, 363, 427, 283, 393, 580, 403, 343, 480, 714, 565, 343, 223, 167, 352, 483, 527, 560, 454, 555, 551, 433, 240, 500, 359, 471, 554, 518, 621, 423, 416, 391, 70, 420, 352, 293, 188, 219, 281, 571, 545, 348, 347], [662, 958, 892, 1174, 614, 104, 686, 906, 722, 299, 874, 802, 93, 985, 410, 1074, 935, 263, 796, 770, 442, 313, 839, 574, 599, 1057, 207, 431, 765, 522, 702, 247, 178, 133, 1034, 750, 857, 363, 961, 668, 598, 941, 458, 779, 720, 741, 861, 306, 925, 805], [746, 603, 789, 192, 768, 952, 800, 963, 443, 810, 191, 376, 1010, 374, 809, 73, 1008, 1038, 330, 286, 636, 826, 442, 952, 980, 144, 1027, 1010, 468, 685, 607, 815, 895, 1021, 574, 990, 650, 768, 96, 403, 828, 339, 752, 380, 344, 577, 539, 1016, 385, 322], [805, 920, 993, 809, 787, 529, 862, 1109, 185, 326, 529, 259, 543, 793, 662, 684, 1154, 763, 299, 397, 460, 594, 244, 895, 930, 711, 721, 846, 179, 636, 78, 484, 449, 671, 952, 1031, 879, 261, 539, 453, 822, 736, 646, 604, 331, 737, 238, 773, 753, 306], [711, 540, 733, 122, 738, 972, 762, 909, 503, 843, 198, 443, 1034, 307, 799, 10, 953, 1036, 390, 318, 642, 826, 515, 924, 950, 67, 1029, 995, 535, 670, 672, 829, 920, 1030, 504, 949, 596, 807, 149, 407, 799, 281, 740, 353, 383, 538, 614, 1011, 327, 384], [180, 501, 405, 870, 129, 445, 198, 431, 708, 523, 634, 755, 525, 602, 89, 810, 467, 292, 712, 598, 279, 193, 837, 160, 195, 762, 319, 193, 776, 138, 801, 325, 469, 369, 586, 305, 390, 559, 751, 440, 113, 578, 91, 451, 591, 312, 911, 249, 545, 718], [626, 792, 832, 806, 601, 349, 680, 931, 271, 165, 501, 352, 384, 712, 459, 689, 974, 561, 354, 372, 271, 388, 389, 695, 729, 694, 521, 640, 315, 450, 280, 280, 274, 477, 839, 838, 732, 117, 555, 348, 630, 656, 450, 501, 308, 588, 424, 568, 661, 363], [347, 107, 297, 447, 391, 849, 378, 475, 692, 812, 383, 682, 928, 137, 543, 448, 518, 788, 618, 467, 508, 619, 778, 568, 585, 374, 805, 686, 754, 411, 857, 693, 831, 837, 124, 542, 167, 808, 483, 378, 446, 159, 483, 226, 517, 192, 881, 749, 114, 617], [180, 505, 371, 923, 136, 515, 167, 362, 801, 611, 705, 846, 592, 639, 177, 872, 393, 315, 801, 681, 374, 274, 929, 67, 101, 819, 355, 168, 869, 220, 896, 409, 548, 417, 593, 217, 390, 650, 825, 521, 81, 623, 186, 513, 678, 345, 1005, 267, 585, 806], [721, 600, 778, 234, 741, 905, 776, 949, 395, 761, 155, 330, 962, 376, 771, 109, 995, 997, 281, 238, 593, 784, 400, 922, 951, 165, 985, 975, 422, 651, 561, 770, 847, 977, 578, 968, 638, 719, 47, 362, 800, 336, 716, 354, 295, 556, 499, 977, 379, 274], [707, 547, 737, 146, 733, 954, 759, 912, 479, 823, 180, 418, 1016, 315, 788, 21, 957, 1023, 366, 297, 627, 812, 491, 918, 945, 81, 1015, 985, 510, 660, 648, 812, 901, 1014, 514, 947, 599, 785, 125, 392, 793, 285, 730, 346, 361, 535, 591, 999, 331, 360], [262, 480, 475, 717, 239, 412, 316, 566, 502, 403, 448, 546, 492, 494, 171, 638, 610, 403, 504, 395, 95, 199, 630, 367, 401, 602, 401, 379, 570, 88, 607, 256, 399, 415, 549, 484, 395, 419, 561, 241, 276, 455, 122, 299, 383, 261, 707, 378, 435, 509], [101, 281, 260, 661, 129, 612, 158, 378, 653, 621, 469, 676, 693, 376, 277, 618, 424, 518, 620, 479, 311, 364, 769, 316, 340, 561, 538, 417, 722, 158, 787, 462, 610, 576, 361, 352, 181, 636, 590, 326, 190, 359, 221, 265, 498, 82, 860, 478, 322, 624], [96, 387, 324, 754, 70, 520, 147, 398, 659, 556, 533, 695, 601, 480, 171, 699, 441, 409, 645, 517, 262, 266, 783, 235, 265, 648, 430, 313, 728, 83, 774, 378, 527, 471, 469, 321, 280, 579, 653, 356, 119, 457, 121, 340, 521, 189, 866, 369, 423, 650], [883, 972, 1061, 805, 867, 626, 941, 1185, 192, 422, 547, 242, 636, 827, 753, 679, 1230, 861, 296, 423, 546, 689, 191, 984, 1019, 716, 819, 941, 150, 718, 23, 581, 545, 769, 998, 1115, 941, 357, 535, 508, 906, 770, 734, 652, 363, 802, 152, 870, 792, 302], [546, 293, 501, 244, 586, 971, 584, 679, 664, 893, 310, 629, 1045, 82, 709, 279, 720, 958, 566, 435, 619, 768, 718, 769, 789, 203, 966, 875, 715, 572, 839, 815, 938, 986, 240, 752, 377, 874, 366, 422, 644, 118, 647, 282, 500, 376, 823, 923, 140, 563], [360, 352, 465, 452, 377, 649, 418, 619, 439, 574, 211, 442, 722, 256, 426, 381, 666, 667, 381, 231, 298, 463, 539, 558, 587, 338, 666, 620, 505, 295, 599, 494, 615, 677, 385, 612, 332, 561, 332, 117, 436, 206, 366, 42, 267, 210, 638, 640, 202, 383], [704, 482, 688, 55, 738, 1039, 749, 866, 614, 927, 280, 559, 1106, 254, 829, 129, 907, 1073, 504, 412, 696, 869, 635, 925, 948, 87, 1073, 1013, 651, 694, 786, 890, 993, 1081, 430, 927, 558, 896, 266, 468, 798, 251, 768, 375, 479, 529, 735, 1044, 294, 498], [401, 704, 631, 982, 353, 221, 426, 653, 657, 346, 702, 723, 299, 757, 149, 898, 686, 151, 697, 625, 257, 68, 787, 336, 366, 866, 136, 230, 716, 272, 701, 146, 261, 154, 783, 509, 600, 398, 807, 489, 340, 720, 202, 566, 593, 493, 839, 148, 697, 705], [259, 149, 64, 684, 308, 863, 248, 238, 871, 883, 606, 877, 945, 378, 510, 690, 278, 724, 816, 664, 573, 609, 974, 431, 436, 616, 756, 582, 938, 414, 1021, 719, 868, 806, 225, 344, 103, 897, 715, 537, 339, 400, 465, 415, 701, 243, 1072, 678, 354, 817], [417, 305, 464, 352, 444, 764, 468, 633, 499, 684, 186, 483, 837, 149, 526, 302, 679, 772, 419, 269, 413, 573, 579, 631, 656, 245, 775, 711, 559, 391, 668, 609, 729, 788, 313, 657, 324, 668, 297, 215, 505, 94, 465, 76, 325, 244, 682, 742, 104, 418], [766, 731, 877, 443, 773, 795, 826, 1035, 207, 623, 243, 129, 839, 533, 747, 318, 1082, 941, 104, 192, 540, 731, 191, 938, 970, 366, 918, 956, 218, 651, 358, 682, 726, 895, 729, 1019, 740, 571, 179, 352, 827, 482, 702, 428, 199, 626, 291, 931, 517, 95], [898, 998, 1081, 844, 880, 611, 955, 1201, 226, 408, 582, 280, 617, 859, 757, 718, 1246, 855, 333, 456, 555, 689, 230, 991, 1026, 753, 811, 941, 188, 730, 51, 576, 531, 758, 1026, 1126, 964, 343, 573, 532, 917, 801, 742, 679, 394, 823, 184, 866, 822, 339], [270, 76, 213, 534, 318, 813, 296, 389, 726, 797, 444, 725, 894, 225, 488, 530, 433, 727, 663, 510, 486, 572, 822, 488, 503, 458, 749, 614, 792, 363, 884, 660, 803, 786, 150, 454, 79, 800, 552, 398, 370, 240, 431, 260, 553, 144, 923, 686, 193, 663], [478, 637, 677, 708, 458, 375, 534, 783, 306, 258, 402, 367, 435, 573, 347, 601, 827, 507, 342, 293, 134, 303, 437, 573, 608, 591, 481, 547, 370, 307, 389, 245, 320, 458, 688, 703, 576, 244, 484, 214, 494, 520, 322, 359, 246, 432, 501, 501, 519, 349], [623, 768, 821, 757, 603, 399, 680, 929, 221, 218, 453, 300, 436, 675, 476, 639, 973, 597, 301, 322, 274, 414, 343, 709, 744, 646, 560, 666, 269, 451, 253, 317, 325, 521, 811, 845, 715, 170, 503, 313, 636, 619, 460, 468, 257, 571, 386, 601, 626, 309], [492, 663, 696, 737, 469, 348, 547, 797, 315, 228, 432, 381, 406, 603, 345, 630, 841, 492, 360, 320, 140, 294, 446, 576, 611, 621, 463, 541, 376, 318, 385, 224, 291, 437, 715, 711, 599, 216, 511, 244, 502, 550, 326, 388, 271, 455, 505, 489, 549, 368], [506, 445, 592, 349, 523, 728, 563, 754, 366, 615, 65, 344, 793, 270, 555, 254, 801, 788, 280, 134, 392, 577, 439, 703, 732, 231, 780, 757, 423, 432, 539, 581, 680, 780, 452, 757, 453, 587, 186, 158, 582, 213, 499, 145, 197, 349, 543, 765, 240, 278], [559, 358, 555, 199, 593, 919, 605, 732, 568, 825, 213, 530, 990, 124, 689, 192, 776, 935, 468, 342, 571, 735, 618, 779, 803, 117, 937, 869, 617, 553, 744, 766, 880, 950, 323, 785, 421, 801, 265, 354, 653, 107, 627, 238, 409, 384, 722, 904, 152, 464]], "facilities_distances": [[0, 328, 232, 758, 51, 609, 61, 305, 736, 651, 570, 765, 690, 465, 252, 719, 349, 470, 711, 574, 356, 353, 856, 223, 244, 660, 499, 344, 805, 178, 859, 471, 621, 548, 415, 253, 214, 675, 691, 418, 100, 454, 211, 366, 588, 175, 943, 425, 413, 715], [328, 0, 211, 537, 377, 888, 343, 387, 790, 873, 489, 784, 969, 234, 557, 550, 427, 793, 720, 568, 562, 645, 880, 536, 548, 475, 817, 672, 854, 436, 951, 735, 879, 857, 88, 479, 115, 876, 590, 467, 424, 265, 502, 322, 616, 220, 982, 750, 221, 720], [232, 211, 0, 743, 278, 841, 208, 178, 894, 875, 647, 906, 922, 434, 483, 743, 220, 684, 846, 696, 569, 585, 1002, 380, 382, 671, 720, 535, 963, 401, 1038, 702, 851, 774, 288, 281, 140, 894, 760, 560, 299, 453, 443, 449, 728, 261, 1098, 637, 406, 848], [758, 537, 743, 0, 791, 1076, 803, 921, 625, 957, 307, 564, 1141, 309, 876, 126, 962, 1119, 512, 435, 737, 914, 634, 977, 1001, 117, 1117, 1063, 656, 742, 794, 929, 1028, 1124, 483, 982, 613, 922, 271, 506, 851, 305, 816, 422, 501, 583, 731, 1091, 349, 506], [51, 377, 278, 791, 0, 564, 81, 332, 728, 616, 588, 763, 645, 504, 205, 745, 374, 419, 712, 580, 330, 308, 852, 187, 212, 689, 448, 297, 798, 151, 844, 430, 579, 498, 464, 251, 264, 643, 709, 421, 61, 489, 170, 388, 588, 210, 936, 375, 450, 716], [609, 888, 841, 1076, 564, 0, 641, 874, 620, 203, 775, 699, 81, 898, 360, 974, 908, 284, 692, 667, 351, 256, 738, 556, 584, 959, 229, 431, 664, 454, 607, 157, 80, 159, 960, 730, 793, 268, 859, 571, 558, 853, 399, 689, 617, 669, 764, 315, 839, 701], [61, 343, 208, 803, 81, 641, 0, 251, 796, 697, 627, 825, 722, 504, 282, 770, 294, 477, 772, 634, 409, 386, 917, 193, 207, 709, 511, 335, 866, 230, 918, 511, 659, 566, 431, 194, 228, 724, 748, 478, 91, 498, 251, 422, 648, 224, 1003, 430, 456, 776], [305, 387, 178, 921, 332, 874, 251, 0, 1031, 946, 813, 1051, 952, 612, 520, 919, 47, 667, 994, 848, 660, 624, 1146, 338, 323, 847, 712, 499, 1100, 481, 1162, 754, 900, 777, 459, 177, 313, 975, 929, 702, 319, 629, 498, 610, 873, 409, 1237, 618, 583, 997], [736, 790, 894, 625, 728, 620, 796, 1031, 0, 433, 356, 83, 654, 636, 649, 499, 1077, 806, 113, 232, 434, 608, 131, 868, 902, 530, 773, 852, 70, 586, 175, 529, 545, 738, 810, 979, 768, 375, 354, 334, 774, 579, 617, 468, 175, 633, 208, 804, 602, 121], [651, 873, 875, 957, 616, 203, 697, 946, 433, 0, 650, 515, 222, 830, 435, 844, 986, 460, 519, 527, 312, 340, 544, 666, 698, 842, 411, 575, 470, 475, 404, 205, 123, 352, 932, 827, 796, 65, 714, 472, 630, 778, 448, 615, 466, 657, 562, 479, 775, 528], [570, 489, 647, 307, 588, 775, 627, 813, 356, 650, 0, 320, 837, 293, 618, 200, 859, 847, 257, 134, 448, 636, 411, 768, 797, 193, 838, 820, 405, 496, 531, 632, 723, 835, 486, 820, 508, 616, 121, 213, 647, 240, 562, 206, 202, 410, 516, 826, 274, 254], [765, 784, 906, 564, 763, 699, 825, 1051, 83, 515, 320, 0, 735, 610, 703, 438, 1098, 873, 64, 216, 488, 671, 97, 913, 946, 477, 843, 909, 92, 627, 231, 601, 626, 812, 795, 1013, 774, 458, 294, 350, 812, 555, 666, 465, 179, 647, 199, 869, 584, 66], [690, 969, 922, 1141, 645, 81, 722, 952, 654, 222, 837, 735, 0, 973, 440, 1036, 985, 339, 736, 724, 426, 337, 766, 630, 657, 1025, 282, 498, 692, 535, 620, 235, 115, 207, 1040, 805, 874, 285, 915, 639, 638, 927, 480, 763, 670, 750, 781, 376, 915, 744], [465, 234, 434, 309, 504, 898, 504, 612, 636, 830, 293, 610, 973, 0, 628, 317, 654, 877, 546, 404, 547, 689, 704, 687, 708, 241, 886, 792, 692, 491, 808, 741, 868, 908, 202, 675, 304, 815, 374, 364, 562, 57, 566, 215, 465, 294, 808, 841, 60, 544], [252, 557, 483, 876, 205, 360, 282, 520, 649, 435, 618, 703, 440, 628, 0, 804, 556, 249, 665, 565, 216, 105, 780, 236, 270, 764, 262, 209, 715, 137, 729, 236, 381, 300, 638, 392, 451, 473, 731, 412, 201, 597, 62, 454, 548, 351, 848, 216, 569, 671], [719, 550, 743, 126, 745, 974, 770, 919, 499, 844, 200, 438, 1036, 317, 804, 0, 963, 1040, 386, 318, 646, 830, 509, 931, 958, 77, 1033, 1001, 530, 676, 668, 831, 921, 1033, 514, 957, 605, 806, 145, 411, 806, 290, 746, 359, 382, 546, 608, 1016, 336, 380], [349, 427, 220, 962, 374, 908, 294, 47, 1077, 986, 859, 1098, 985, 654, 556, 963, 0, 691, 1041, 895, 703, 659, 1192, 363, 345, 891, 738, 521, 1147, 524, 1207, 791, 936, 806, 496, 193, 358, 1016, 975, 748, 356, 673, 538, 656, 920, 456, 1284, 643, 626, 1044], [470, 793, 684, 1119, 419, 284, 477, 667, 806, 460, 847, 873, 339, 877, 249, 1040, 691, 0, 848, 775, 407, 213, 935, 328, 347, 1005, 57, 173, 863, 386, 840, 281, 351, 133, 877, 500, 682, 519, 954, 635, 385, 845, 310, 699, 744, 596, 983, 48, 818, 856], [711, 720, 846, 512, 712, 692, 772, 994, 113, 519, 257, 64, 736, 546, 665, 386, 1041, 848, 0, 152, 453, 641, 160, 868, 901, 420, 822, 873, 150, 581, 283, 583, 623, 796, 731, 962, 713, 467, 241, 294, 763, 491, 624, 402, 124, 587, 264, 840, 519, 9], [574, 568, 696, 435, 580, 667, 634, 848, 232, 527, 134, 216, 724, 404, 565, 318, 895, 775, 152, 0, 368, 562, 312, 747, 779, 325, 757, 773, 290, 462, 405, 534, 609, 745, 582, 827, 561, 489, 191, 160, 635, 347, 516, 250, 68, 440, 414, 759, 372, 153], [356, 562, 569, 737, 330, 351, 409, 660, 434, 312, 448, 488, 426, 547, 216, 646, 703, 407, 453, 368, 0, 194, 564, 439, 474, 620, 391, 421, 500, 179, 523, 196, 324, 388, 625, 571, 484, 325, 550, 235, 362, 501, 188, 338, 341, 345, 633, 392, 489, 460], [353, 645, 585, 914, 308, 256, 386, 624, 608, 340, 636, 671, 337, 689, 105, 830, 659, 213, 641, 562, 194, 0, 739, 326, 359, 798, 204, 252, 670, 209, 666, 136, 277, 219, 722, 491, 543, 384, 741, 423, 305, 652, 145, 498, 533, 430, 797, 199, 630, 648], [856, 880, 1002, 634, 852, 738, 917, 1146, 131, 544, 411, 97, 766, 704, 780, 509, 1192, 935, 160, 312, 564, 739, 0, 996, 1030, 556, 901, 983, 75, 712, 189, 657, 662, 864, 891, 1103, 871, 482, 369, 444, 900, 649, 747, 562, 274, 742, 105, 934, 679, 161], [223, 536, 380, 977, 187, 556, 193, 338, 868, 666, 768, 913, 630, 687, 236, 931, 363, 328, 868, 747, 439, 326, 996, 0, 35, 876, 375, 162, 936, 287, 961, 462, 596, 444, 624, 175, 421, 708, 888, 587, 126, 675, 252, 573, 745, 396, 1071, 280, 635, 873], [244, 548, 382, 1001, 212, 584, 207, 323, 902, 698, 797, 946, 657, 708, 270, 958, 345, 347, 901, 779, 474, 359, 1030, 35, 0, 901, 397, 176, 970, 320, 996, 494, 626, 467, 636, 153, 434, 741, 918, 619, 152, 697, 286, 600, 778, 419, 1106, 300, 657, 906], [660, 475, 671, 117, 689, 959, 709, 847, 530, 842, 193, 477, 1025, 241, 764, 77, 891, 1005, 420, 325, 620, 798, 556, 876, 901, 0, 1002, 954, 568, 631, 703, 811, 911, 1007, 437, 893, 535, 810, 187, 388, 750, 219, 704, 311, 393, 485, 658, 978, 265, 415], [499, 817, 720, 1117, 448, 229, 511, 712, 773, 411, 838, 843, 282, 886, 262, 1033, 738, 57, 822, 757, 391, 204, 901, 375, 397, 1002, 0, 225, 828, 396, 798, 244, 298, 76, 899, 549, 707, 472, 941, 624, 420, 851, 322, 700, 723, 613, 944, 99, 827, 830], [344, 672, 535, 1063, 297, 431, 335, 499, 852, 575, 820, 909, 498, 792, 209, 1001, 521, 173, 873, 773, 421, 252, 983, 162, 176, 954, 225, 0, 916, 325, 918, 374, 485, 298, 759, 329, 557, 627, 936, 619, 248, 770, 259, 644, 757, 500, 1046, 126, 736, 880], [805, 854, 963, 656, 798, 664, 866, 1100, 70, 470, 405, 92, 692, 692, 715, 530, 1147, 863, 150, 290, 500, 670, 75, 936, 970, 568, 828, 916, 0, 655, 140, 584, 587, 790, 871, 1049, 835, 408, 385, 402, 843, 636, 685, 533, 239, 702, 138, 864, 661, 154], [178, 436, 401, 742, 151, 454, 230, 481, 586, 475, 496, 627, 535, 491, 137, 676, 524, 386, 581, 462, 179, 209, 712, 287, 320, 631, 396, 325, 655, 0, 694, 305, 454, 426, 513, 397, 339, 497, 614, 302, 189, 460, 75, 321, 458, 221, 792, 352, 432, 586], [859, 951, 1038, 794, 844, 607, 918, 1162, 175, 404, 531, 231, 620, 808, 729, 668, 1207, 840, 283, 405, 523, 666, 189, 961, 996, 703, 798, 918, 140, 694, 0, 559, 527, 749, 977, 1091, 919, 339, 523, 486, 882, 751, 710, 631, 344, 779, 164, 848, 772, 289], [471, 735, 702, 929, 430, 157, 511, 754, 529, 205, 632, 601, 235, 741, 236, 831, 791, 281, 583, 534, 196, 136, 657, 462, 494, 811, 244, 374, 584, 305, 559, 0, 149, 213, 805, 626, 643, 253, 724, 423, 436, 697, 260, 534, 492, 515, 702, 289, 683, 591], [621, 879, 851, 1028, 579, 80, 659, 900, 545, 123, 723, 626, 115, 868, 381, 921, 936, 351, 623, 609, 324, 277, 662, 596, 626, 911, 298, 485, 587, 454, 527, 149, 0, 234, 947, 765, 790, 188, 800, 527, 582, 820, 409, 656, 555, 659, 684, 377, 811, 631], [548, 857, 774, 1124, 498, 159, 566, 777, 738, 352, 835, 812, 207, 908, 300, 1033, 806, 133, 796, 745, 388, 219, 864, 444, 467, 1007, 76, 298, 790, 426, 749, 213, 234, 0, 937, 618, 751, 416, 932, 622, 477, 870, 356, 713, 704, 646, 900, 173, 849, 804], [415, 88, 288, 483, 464, 960, 431, 459, 810, 932, 486, 795, 1040, 202, 638, 514, 496, 877, 731, 582, 625, 722, 891, 624, 636, 437, 899, 759, 871, 513, 977, 805, 947, 937, 0, 564, 203, 930, 575, 502, 512, 248, 581, 348, 636, 292, 995, 835, 213, 730], [253, 479, 281, 982, 251, 730, 194, 177, 979, 827, 820, 1013, 805, 675, 392, 957, 193, 500, 962, 827, 571, 491, 1103, 175, 153, 893, 549, 329, 1049, 397, 1091, 626, 765, 618, 564, 0, 376, 864, 941, 669, 209, 678, 389, 614, 838, 413, 1187, 453, 633, 966], [214, 115, 140, 613, 264, 793, 228, 313, 768, 796, 508, 774, 874, 304, 451, 605, 358, 682, 713, 561, 484, 543, 871, 421, 434, 535, 707, 557, 835, 339, 919, 643, 790, 751, 203, 376, 0, 806, 620, 435, 309, 316, 399, 313, 598, 144, 969, 638, 270, 714], [675, 876, 894, 922, 643, 268, 724, 975, 375, 65, 616, 458, 285, 815, 473, 806, 1016, 519, 467, 489, 325, 384, 482, 708, 741, 810, 472, 627, 408, 497, 339, 253, 188, 416, 930, 864, 806, 0, 673, 453, 663, 762, 479, 602, 425, 664, 498, 536, 763, 476], [691, 590, 760, 271, 709, 859, 748, 929, 354, 714, 121, 294, 915, 374, 731, 145, 975, 954, 241, 191, 550, 741, 369, 888, 918, 187, 941, 936, 385, 614, 523, 724, 800, 932, 575, 941, 620, 673, 0, 321, 768, 329, 677, 326, 248, 530, 471, 935, 370, 235], [418, 467, 560, 506, 421, 571, 478, 702, 334, 472, 213, 350, 639, 364, 412, 411, 748, 635, 294, 160, 235, 423, 444, 587, 619, 388, 624, 619, 402, 302, 486, 423, 527, 622, 502, 669, 435, 453, 321, 0, 475, 309, 360, 155, 171, 299, 538, 615, 314, 298], [100, 424, 299, 851, 61, 558, 91, 319, 774, 630, 647, 812, 638, 562, 201, 806, 356, 385, 763, 635, 362, 305, 900, 126, 152, 750, 420, 248, 843, 189, 882, 436, 582, 477, 512, 209, 309, 663, 768, 475, 0, 549, 184, 449, 640, 270, 980, 339, 510, 768], [454, 265, 453, 305, 489, 853, 498, 629, 579, 778, 240, 555, 927, 57, 597, 290, 673, 845, 491, 347, 501, 652, 649, 675, 697, 219, 851, 770, 636, 460, 751, 697, 820, 870, 248, 678, 316, 762, 329, 309, 549, 0, 535, 165, 408, 279, 753, 812, 46, 489], [211, 502, 443, 816, 170, 399, 251, 498, 617, 448, 562, 666, 480, 566, 62, 746, 538, 310, 624, 516, 188, 145, 747, 252, 286, 704, 322, 259, 685, 75, 710, 260, 409, 356, 581, 389, 399, 479, 677, 360, 184, 535, 0, 394, 505, 292, 820, 277, 507, 630], [366, 322, 449, 422, 388, 689, 422, 610, 468, 615, 206, 465, 763, 215, 454, 359, 656, 699, 402, 250, 338, 498, 562, 573, 600, 311, 700, 644, 533, 321, 631, 534, 656, 713, 348, 614, 313, 602, 326, 155, 449, 165, 394, 0, 294, 204, 662, 669, 161, 403], [588, 616, 728, 501, 588, 617, 648, 873, 175, 466, 202, 179, 670, 465, 548, 382, 920, 744, 124, 68, 341, 533, 274, 745, 778, 393, 723, 757, 239, 458, 344, 492, 555, 704, 636, 838, 598, 425, 248, 171, 640, 408, 505, 294, 0, 468, 371, 732, 429, 128], [175, 220, 261, 583, 210, 669, 224, 409, 633, 657, 410, 647, 750, 294, 351, 546, 456, 596, 587, 440, 345, 430, 742, 396, 419, 485, 613, 500, 702, 221, 779, 515, 659, 646, 292, 413, 144, 664, 530, 299, 270, 279, 292, 204, 468, 0, 837, 557, 240, 590], [943, 982, 1098, 731, 936, 764, 1003, 1237, 208, 562, 516, 199, 781, 808, 848, 608, 1284, 983, 264, 414, 633, 797, 105, 1071, 1106, 658, 944, 1046, 138, 792, 164, 702, 684, 900, 995, 1187, 969, 498, 471, 538, 980, 753, 820, 662, 371, 837, 0, 987, 783, 265], [425, 750, 637, 1091, 375, 315, 430, 618, 804, 479, 826, 869, 376, 841, 216, 1016, 643, 48, 840, 759, 392, 199, 934, 280, 300, 978, 99, 126, 864, 352, 848, 289, 377, 173, 835, 453, 638, 536, 935, 615, 339, 812, 277, 669, 732, 557, 987, 0, 783, 848], [413, 221, 406, 349, 450, 839, 456, 583, 602, 775, 274, 584, 915, 60, 569, 336, 626, 818, 519, 372, 489, 630, 679, 635, 657, 265, 827, 736, 661, 432, 772, 683, 811, 849, 213, 633, 270, 763, 370, 314, 510, 46, 507, 161, 429, 240, 783, 783, 0, 518], [715, 720, 848, 506, 716, 701, 776, 997, 121, 528, 254, 66, 744, 544, 671, 380, 1044, 856, 9, 153, 460, 648, 161, 873, 906, 415, 830, 880, 154, 586, 289, 591, 631, 804, 730, 966, 714, 476, 235, 298, 768, 489, 630, 403, 128, 590, 265, 848, 518, 0]]}