{"n": 50, "m": 50, "facilities": [{"i": 0, "x": 976, "y": 968}, {"i": 1, "x": 152, "y": 313}, {"i": 2, "x": 3, "y": 782}, {"i": 3, "x": 674, "y": 90}, {"i": 4, "x": 649, "y": 222}, {"i": 5, "x": 668, "y": 205}, {"i": 6, "x": 51, "y": 535}, {"i": 7, "x": 530, "y": 369}, {"i": 8, "x": 386, "y": 910}, {"i": 9, "x": 309, "y": 254}, {"i": 10, "x": 706, "y": 854}, {"i": 11, "x": 576, "y": 921}, {"i": 12, "x": 597, "y": 236}, {"i": 13, "x": 656, "y": 621}, {"i": 14, "x": 533, "y": 181}, {"i": 15, "x": 621, "y": 904}, {"i": 16, "x": 297, "y": 322}, {"i": 17, "x": 788, "y": 87}, {"i": 18, "x": 282, "y": 663}, {"i": 19, "x": 24, "y": 26}, {"i": 20, "x": 450, "y": 302}, {"i": 21, "x": 976, "y": 970}, {"i": 22, "x": 709, "y": 855}, {"i": 23, "x": 794, "y": 240}, {"i": 24, "x": 822, "y": 137}, {"i": 25, "x": 338, "y": 866}, {"i": 26, "x": 244, "y": 886}, {"i": 27, "x": 311, "y": 372}, {"i": 28, "x": 883, "y": 278}, {"i": 29, "x": 602, "y": 756}, {"i": 30, "x": 690, "y": 69}, {"i": 31, "x": 848, "y": 299}, {"i": 32, "x": 864, "y": 588}, {"i": 33, "x": 448, "y": 310}, {"i": 34, "x": 834, "y": 144}, {"i": 35, "x": 564, "y": 906}, {"i": 36, "x": 877, "y": 722}, {"i": 37, "x": 516, "y": 414}, {"i": 38, "x": 231, "y": 241}, {"i": 39, "x": 861, "y": 951}, {"i": 40, "x": 139, "y": 732}, {"i": 41, "x": 151, "y": 108}, {"i": 42, "x": 486, "y": 394}, {"i": 43, "x": 340, "y": 798}, {"i": 44, "x": 831, "y": 508}, {"i": 45, "x": 382, "y": 248}, {"i": 46, "x": 876, "y": 317}, {"i": 47, "x": 64, "y": 347}, {"i": 48, "x": 951, "y": 646}, {"i": 49, "x": 476, "y": 179}], "users": [{"i": 0, "x": 474, "y": 996}, {"i": 1, "x": 205, "y": 866}, {"i": 2, "x": 108, "y": 619}, {"i": 3, "x": 317, "y": 329}, {"i": 4, "x": 932, "y": 882}, {"i": 5, "x": 507, "y": 724}, {"i": 6, "x": 646, "y": 678}, {"i": 7, "x": 326, "y": 301}, {"i": 8, "x": 334, "y": 128}, {"i": 9, "x": 860, "y": 140}, {"i": 10, "x": 63, "y": 464}, {"i": 11, "x": 884, "y": 497}, {"i": 12, "x": 708, "y": 439}, {"i": 13, "x": 437, "y": 851}, {"i": 14, "x": 439, "y": 391}, {"i": 15, "x": 520, "y": 486}, {"i": 16, "x": 518, "y": 315}, {"i": 17, "x": 334, "y": 936}, {"i": 18, "x": 732, "y": 756}, {"i": 19, "x": 917, "y": 97}, {"i": 20, "x": 211, "y": 560}, {"i": 21, "x": 79, "y": 142}, {"i": 22, "x": 789, "y": 3}, {"i": 23, "x": 186, "y": 930}, {"i": 24, "x": 419, "y": 116}, {"i": 25, "x": 479, "y": 591}, {"i": 26, "x": 269, "y": 998}, {"i": 27, "x": 590, "y": 31}, {"i": 28, "x": 204, "y": 786}, {"i": 29, "x": 731, "y": 138}, {"i": 30, "x": 147, "y": 468}, {"i": 31, "x": 645, "y": 455}, {"i": 32, "x": 357, "y": 952}, {"i": 33, "x": 855, "y": 283}, {"i": 34, "x": 109, "y": 164}, {"i": 35, "x": 989, "y": 439}, {"i": 36, "x": 252, "y": 740}, {"i": 37, "x": 739, "y": 947}, {"i": 38, "x": 175, "y": 597}, {"i": 39, "x": 453, "y": 141}, {"i": 40, "x": 141, "y": 909}, {"i": 41, "x": 621, "y": 860}, {"i": 42, "x": 742, "y": 326}, {"i": 43, "x": 15, "y": 754}, {"i": 44, "x": 396, "y": 665}, {"i": 45, "x": 289, "y": 569}, {"i": 46, "x": 733, "y": 826}, {"i": 47, "x": 243, "y": 764}, {"i": 48, "x": 961, "y": 71}, {"i": 49, "x": 473, "y": 561}], "distances": [[503, 755, 517, 928, 794, 814, 626, 629, 123, 760, 272, 127, 770, 417, 817, 173, 697, 962, 384, 1069, 694, 503, 274, 821, 927, 188, 255, 645, 826, 272, 952, 791, 564, 686, 925, 127, 487, 584, 793, 390, 427, 945, 602, 239, 605, 754, 789, 768, 592, 817], [778, 556, 219, 907, 782, 807, 365, 594, 186, 621, 501, 375, 742, 513, 759, 418, 552, 973, 217, 859, 615, 778, 504, 860, 955, 133, 44, 505, 897, 412, 933, 857, 715, 607, 958, 361, 687, 549, 626, 661, 149, 760, 549, 151, 721, 643, 867, 538, 778, 739], [936, 309, 194, 775, 671, 696, 102, 490, 402, 417, 643, 557, 621, 548, 610, 587, 352, 863, 179, 599, 466, 936, 646, 784, 861, 338, 300, 320, 847, 513, 801, 806, 757, 459, 868, 539, 776, 457, 398, 823, 117, 513, 440, 293, 731, 461, 825, 276, 843, 574], [918, 166, 551, 430, 349, 372, 336, 217, 585, 75, 653, 646, 295, 447, 262, 650, 21, 530, 336, 421, 136, 919, 656, 485, 540, 537, 562, 43, 568, 513, 455, 532, 605, 132, 549, 628, 684, 216, 123, 826, 441, 276, 181, 470, 544, 104, 559, 254, 709, 219], [97, 965, 934, 833, 718, 727, 947, 652, 547, 885, 228, 358, 728, 380, 807, 312, 847, 808, 686, 1248, 754, 98, 225, 657, 753, 594, 688, 804, 606, 353, 848, 589, 302, 749, 744, 369, 169, 626, 950, 99, 807, 1100, 661, 598, 387, 839, 568, 1020, 237, 838], [529, 543, 507, 656, 522, 543, 494, 356, 222, 510, 238, 209, 496, 181, 544, 213, 454, 696, 233, 849, 426, 530, 241, 563, 666, 221, 309, 403, 583, 100, 680, 545, 382, 418, 666, 191, 370, 310, 556, 421, 368, 711, 331, 183, 389, 492, 549, 582, 451, 546], [439, 614, 651, 589, 456, 474, 612, 330, 348, 542, 186, 253, 445, 58, 510, 227, 499, 608, 364, 901, 424, 441, 188, 462, 569, 361, 453, 454, 465, 90, 611, 429, 236, 418, 566, 242, 235, 294, 603, 347, 510, 755, 326, 329, 251, 505, 428, 670, 307, 527], [931, 174, 579, 407, 333, 355, 361, 215, 612, 50, 671, 669, 279, 460, 239, 671, 36, 509, 365, 408, 124, 933, 674, 472, 522, 565, 591, 73, 557, 532, 432, 522, 610, 122, 532, 650, 693, 221, 112, 842, 470, 261, 185, 497, 546, 77, 550, 266, 714, 193], [1057, 260, 733, 342, 329, 343, 496, 311, 784, 128, 816, 829, 284, 589, 206, 827, 197, 456, 538, 326, 209, 1059, 818, 473, 488, 738, 763, 245, 569, 683, 361, 542, 702, 215, 500, 811, 805, 339, 153, 977, 635, 184, 306, 670, 626, 129, 574, 348, 806, 151], [836, 729, 1071, 193, 226, 203, 900, 402, 904, 563, 730, 831, 280, 522, 330, 801, 592, 89, 779, 844, 441, 838, 731, 120, 38, 894, 967, 596, 140, 668, 184, 159, 448, 446, 26, 821, 582, 440, 637, 811, 933, 710, 452, 839, 369, 490, 178, 822, 514, 386], [1043, 175, 324, 716, 634, 658, 72, 477, 551, 323, 752, 687, 581, 613, 549, 711, 274, 817, 296, 440, 420, 1044, 755, 765, 826, 487, 459, 265, 841, 613, 741, 802, 811, 415, 835, 668, 854, 456, 279, 935, 279, 367, 429, 434, 769, 385, 826, 117, 906, 502], [480, 755, 926, 458, 362, 363, 834, 376, 647, 624, 399, 524, 388, 260, 472, 485, 613, 421, 624, 981, 476, 482, 398, 272, 365, 659, 749, 586, 219, 383, 470, 201, 93, 474, 357, 519, 225, 377, 701, 455, 781, 830, 411, 622, 54, 560, 180, 834, 163, 517], [593, 570, 784, 351, 225, 237, 664, 191, 571, 440, 415, 500, 231, 189, 312, 473, 427, 361, 481, 799, 292, 595, 416, 217, 323, 565, 644, 403, 238, 334, 370, 198, 216, 290, 321, 489, 330, 194, 516, 534, 640, 648, 227, 514, 141, 378, 208, 651, 319, 348], [552, 609, 439, 797, 664, 686, 499, 491, 78, 611, 269, 156, 635, 318, 677, 191, 547, 841, 244, 923, 549, 552, 272, 708, 811, 100, 196, 495, 726, 190, 822, 688, 501, 541, 811, 138, 459, 444, 644, 436, 321, 796, 460, 111, 522, 606, 691, 627, 553, 673], [788, 297, 586, 382, 270, 295, 414, 94, 522, 189, 534, 547, 221, 316, 230, 544, 158, 463, 314, 553, 90, 790, 537, 386, 460, 486, 532, 129, 458, 400, 408, 419, 468, 81, 466, 530, 549, 80, 256, 701, 454, 404, 47, 419, 409, 154, 443, 378, 572, 215], [664, 407, 596, 425, 294, 318, 472, 117, 445, 314, 412, 439, 262, 192, 305, 430, 277, 481, 297, 676, 197, 665, 415, 368, 462, 421, 486, 238, 418, 282, 450, 378, 359, 190, 464, 422, 428, 72, 379, 577, 454, 528, 98, 360, 312, 275, 394, 477, 460, 310], [798, 366, 695, 274, 161, 186, 516, 55, 609, 218, 571, 609, 112, 336, 135, 598, 221, 353, 420, 572, 69, 799, 573, 286, 352, 580, 633, 215, 367, 449, 300, 330, 441, 70, 359, 593, 543, 99, 296, 723, 563, 421, 85, 515, 368, 152, 358, 455, 545, 142], [643, 649, 365, 912, 780, 804, 491, 600, 58, 682, 381, 242, 748, 450, 781, 289, 615, 963, 278, 961, 645, 643, 384, 834, 936, 70, 103, 564, 857, 323, 937, 819, 634, 636, 937, 232, 584, 553, 703, 527, 282, 848, 563, 138, 656, 690, 823, 648, 682, 770], [323, 730, 729, 669, 540, 555, 716, 437, 379, 656, 101, 227, 537, 155, 608, 185, 614, 671, 460, 1017, 534, 325, 102, 520, 626, 409, 505, 570, 501, 130, 688, 471, 214, 529, 620, 225, 149, 404, 718, 234, 593, 870, 438, 394, 267, 617, 462, 783, 245, 631], [873, 795, 1142, 243, 296, 271, 970, 473, 971, 628, 786, 892, 349, 585, 393, 860, 660, 129, 851, 896, 510, 875, 786, 189, 103, 963, 1037, 665, 184, 730, 229, 213, 494, 515, 95, 883, 626, 511, 701, 856, 1004, 766, 523, 908, 420, 556, 224, 889, 550, 449], [867, 254, 304, 660, 553, 579, 162, 372, 391, 321, 576, 513, 504, 449, 497, 535, 253, 746, 125, 566, 352, 868, 579, 665, 743, 331, 328, 213, 729, 437, 686, 688, 654, 344, 749, 494, 685, 338, 320, 759, 186, 456, 321, 271, 622, 356, 708, 259, 745, 464], [1219, 186, 644, 597, 576, 592, 394, 505, 827, 256, 949, 924, 526, 750, 456, 935, 283, 711, 559, 128, 404, 1221, 951, 722, 743, 769, 762, 327, 815, 807, 615, 785, 903, 405, 755, 905, 987, 515, 181, 1125, 593, 80, 479, 706, 836, 321, 816, 206, 1007, 399], [983, 708, 1107, 144, 260, 235, 910, 448, 993, 542, 855, 942, 302, 632, 312, 917, 586, 84, 832, 765, 452, 985, 856, 237, 138, 974, 1038, 604, 291, 776, 119, 302, 590, 459, 148, 931, 724, 493, 607, 951, 977, 647, 495, 913, 507, 475, 326, 802, 663, 359], [791, 618, 235, 971, 846, 871, 417, 658, 201, 687, 526, 390, 807, 562, 825, 436, 618, 1036, 284, 918, 681, 791, 528, 920, 1017, 165, 73, 572, 954, 451, 998, 915, 759, 673, 1019, 379, 722, 612, 690, 675, 204, 823, 614, 203, 771, 710, 923, 596, 816, 805], [1018, 332, 785, 256, 253, 264, 558, 276, 795, 176, 792, 820, 215, 558, 131, 813, 239, 370, 564, 405, 189, 1020, 794, 395, 404, 754, 790, 278, 491, 666, 275, 466, 649, 196, 416, 803, 760, 313, 226, 945, 677, 268, 286, 687, 569, 137, 499, 424, 751, 85], [624, 429, 513, 538, 406, 430, 432, 228, 332, 377, 347, 344, 374, 180, 414, 344, 325, 591, 210, 725, 290, 625, 350, 472, 569, 309, 377, 276, 511, 206, 563, 471, 385, 283, 571, 326, 419, 181, 429, 525, 368, 584, 197, 249, 362, 356, 482, 481, 475, 412], [708, 695, 343, 994, 864, 888, 512, 681, 146, 745, 460, 317, 830, 540, 859, 364, 677, 1048, 335, 1002, 719, 708, 463, 922, 1023, 149, 115, 627, 946, 412, 1020, 908, 723, 711, 1024, 309, 668, 634, 758, 594, 296, 898, 642, 212, 746, 758, 912, 683, 767, 845], [1013, 521, 953, 103, 200, 191, 738, 343, 902, 359, 831, 890, 205, 594, 160, 874, 413, 206, 703, 566, 305, 1015, 833, 292, 255, 872, 922, 441, 383, 725, 107, 372, 621, 313, 269, 875, 748, 390, 416, 959, 834, 446, 378, 807, 534, 301, 404, 614, 713, 187], [793, 476, 201, 840, 718, 744, 294, 529, 220, 542, 507, 396, 676, 481, 689, 433, 473, 911, 146, 781, 543, 794, 510, 804, 896, 156, 108, 428, 848, 399, 866, 807, 689, 535, 899, 379, 676, 486, 546, 677, 85, 680, 483, 137, 686, 567, 819, 461, 760, 665], [865, 605, 972, 75, 117, 92, 787, 306, 846, 438, 716, 798, 166, 489, 203, 774, 471, 76, 691, 716, 325, 867, 717, 120, 91, 827, 893, 481, 207, 631, 80, 199, 469, 331, 103, 786, 602, 350, 510, 823, 839, 581, 354, 767, 383, 366, 230, 699, 554, 258], [968, 155, 345, 649, 559, 584, 117, 396, 502, 268, 679, 624, 506, 531, 481, 644, 209, 746, 237, 459, 345, 969, 682, 686, 752, 441, 429, 190, 760, 538, 674, 721, 727, 340, 760, 605, 773, 373, 242, 862, 264, 360, 347, 382, 685, 322, 744, 147, 823, 438], [611, 513, 720, 366, 233, 251, 599, 144, 524, 392, 404, 471, 224, 166, 296, 450, 373, 395, 418, 755, 248, 612, 405, 262, 364, 513, 589, 344, 297, 304, 389, 256, 256, 245, 364, 458, 354, 135, 466, 541, 577, 604, 170, 459, 193, 335, 269, 591, 361, 324], [619, 671, 393, 918, 786, 809, 517, 608, 51, 700, 362, 221, 755, 446, 791, 268, 633, 966, 299, 984, 657, 619, 365, 835, 938, 88, 131, 582, 855, 314, 944, 817, 624, 648, 938, 212, 569, 561, 722, 504, 310, 869, 573, 155, 649, 704, 820, 672, 668, 782], [696, 704, 987, 265, 215, 203, 843, 336, 783, 547, 590, 696, 262, 392, 338, 664, 559, 207, 688, 870, 405, 698, 590, 75, 150, 779, 858, 551, 28, 536, 270, 17, 305, 408, 141, 688, 440, 363, 625, 668, 845, 725, 385, 728, 226, 474, 40, 794, 375, 393], [1182, 155, 627, 570, 543, 561, 376, 468, 796, 219, 912, 889, 493, 713, 424, 900, 246, 683, 528, 162, 368, 1184, 915, 689, 714, 738, 735, 290, 782, 770, 589, 751, 866, 369, 725, 870, 949, 478, 144, 1089, 569, 70, 442, 675, 800, 286, 782, 188, 970, 367], [529, 846, 1044, 470, 403, 397, 943, 464, 765, 705, 502, 635, 441, 379, 524, 593, 702, 405, 742, 1050, 556, 531, 501, 279, 345, 779, 869, 681, 193, 500, 476, 199, 194, 556, 333, 631, 304, 474, 783, 528, 899, 901, 505, 742, 172, 636, 166, 930, 210, 575], [759, 439, 253, 775, 653, 678, 287, 464, 216, 489, 468, 371, 611, 421, 626, 404, 420, 845, 83, 750, 481, 760, 471, 737, 830, 153, 146, 373, 782, 350, 801, 741, 631, 473, 833, 353, 625, 419, 499, 645, 113, 640, 418, 105, 624, 509, 754, 436, 705, 604], [238, 864, 754, 859, 731, 745, 802, 615, 355, 816, 99, 165, 725, 336, 793, 126, 765, 861, 538, 1166, 707, 238, 97, 709, 814, 409, 499, 717, 684, 235, 879, 657, 380, 700, 809, 180, 264, 578, 870, 122, 637, 1025, 608, 426, 449, 785, 645, 903, 368, 812], [883, 285, 253, 711, 604, 630, 139, 422, 377, 368, 590, 516, 555, 482, 549, 541, 301, 797, 126, 591, 403, 884, 593, 715, 794, 315, 297, 263, 777, 456, 738, 736, 689, 396, 800, 497, 713, 387, 360, 772, 140, 490, 371, 260, 662, 406, 755, 274, 778, 515], [978, 347, 783, 227, 212, 224, 563, 241, 772, 183, 757, 790, 173, 521, 89, 781, 239, 339, 549, 444, 161, 980, 759, 355, 369, 734, 774, 271, 451, 633, 248, 425, 607, 169, 381, 773, 719, 280, 243, 907, 669, 304, 255, 667, 527, 128, 458, 440, 709, 44], [837, 596, 188, 977, 854, 879, 385, 666, 245, 676, 568, 435, 813, 590, 827, 480, 607, 1046, 284, 891, 681, 837, 571, 935, 1029, 202, 106, 563, 974, 486, 1003, 934, 791, 673, 1032, 423, 759, 621, 674, 721, 177, 801, 620, 228, 798, 704, 944, 567, 852, 803], [371, 721, 623, 772, 639, 657, 656, 499, 240, 682, 85, 76, 624, 242, 685, 44, 628, 791, 392, 1026, 584, 372, 88, 644, 750, 283, 378, 578, 638, 106, 794, 605, 365, 577, 747, 73, 291, 458, 732, 257, 499, 887, 485, 288, 410, 657, 600, 757, 393, 696], [683, 590, 868, 246, 140, 142, 722, 216, 684, 439, 529, 618, 171, 307, 254, 591, 445, 243, 570, 778, 293, 685, 530, 100, 205, 674, 749, 433, 149, 452, 262, 109, 289, 294, 204, 607, 418, 243, 518, 636, 727, 630, 265, 620, 203, 368, 134, 678, 382, 304], [985, 462, 30, 936, 828, 853, 222, 643, 402, 580, 698, 585, 779, 655, 772, 624, 516, 1021, 282, 728, 627, 985, 701, 933, 1016, 342, 264, 483, 990, 587, 962, 949, 865, 620, 1021, 570, 863, 605, 557, 869, 126, 660, 593, 328, 852, 625, 966, 410, 942, 737], [654, 428, 410, 639, 510, 534, 369, 325, 245, 420, 363, 313, 474, 264, 503, 328, 357, 698, 114, 739, 367, 655, 366, 582, 678, 209, 268, 305, 622, 225, 665, 582, 474, 359, 681, 294, 484, 278, 455, 546, 266, 609, 286, 144, 462, 417, 593, 460, 555, 493], [794, 290, 357, 615, 500, 525, 240, 313, 355, 316, 505, 454, 454, 371, 458, 472, 247, 694, 94, 604, 312, 795, 508, 603, 686, 301, 320, 198, 661, 365, 641, 621, 575, 304, 691, 435, 608, 275, 333, 688, 222, 481, 264, 235, 545, 334, 639, 316, 666, 433], [281, 775, 731, 738, 610, 624, 741, 500, 357, 712, 39, 184, 605, 219, 675, 136, 666, 741, 480, 1069, 596, 282, 38, 589, 695, 397, 493, 620, 568, 149, 758, 539, 272, 589, 689, 187, 178, 466, 771, 179, 601, 924, 498, 394, 333, 676, 529, 823, 283, 696], [761, 460, 241, 800, 677, 702, 299, 488, 204, 514, 472, 368, 636, 437, 651, 403, 445, 869, 108, 770, 506, 761, 475, 760, 853, 139, 122, 398, 804, 359, 826, 763, 645, 498, 857, 351, 635, 444, 523, 646, 109, 662, 443, 103, 641, 534, 775, 454, 718, 630], [897, 844, 1193, 288, 347, 322, 1021, 524, 1017, 677, 823, 933, 400, 629, 442, 900, 710, 174, 901, 938, 561, 899, 824, 238, 154, 1010, 1086, 716, 221, 773, 271, 254, 526, 566, 146, 925, 656, 562, 750, 886, 1055, 811, 574, 956, 456, 605, 260, 939, 575, 497], [647, 406, 519, 512, 382, 406, 423, 200, 360, 348, 374, 374, 348, 193, 385, 374, 297, 569, 217, 698, 260, 648, 377, 454, 549, 334, 398, 249, 498, 234, 538, 457, 392, 252, 552, 357, 435, 153, 401, 550, 375, 556, 168, 272, 362, 326, 471, 462, 485, 382]], "facilities_distances": [[0, 1053, 991, 928, 815, 823, 1021, 747, 593, 977, 293, 403, 824, 472, 903, 361, 937, 901, 758, 1339, 849, 2, 290, 750, 845, 646, 737, 893, 696, 430, 943, 681, 396, 844, 836, 417, 265, 720, 1041, 116, 870, 1192, 755, 658, 482, 933, 659, 1103, 323, 934], [1053, 0, 492, 568, 505, 527, 244, 382, 641, 168, 774, 741, 452, 591, 403, 754, 145, 675, 373, 314, 298, 1054, 777, 646, 693, 583, 580, 170, 732, 631, 591, 696, 763, 296, 703, 722, 832, 378, 107, 954, 419, 205, 344, 520, 706, 239, 724, 94, 866, 351], [991, 492, 0, 964, 855, 880, 252, 670, 404, 610, 707, 590, 807, 673, 801, 630, 546, 1048, 303, 756, 656, 991, 710, 959, 1042, 345, 262, 513, 1014, 600, 990, 973, 883, 649, 1048, 575, 876, 631, 587, 874, 145, 690, 620, 337, 872, 655, 989, 439, 958, 766], [928, 568, 964, 0, 134, 115, 766, 314, 869, 400, 765, 837, 165, 531, 168, 816, 443, 114, 694, 653, 308, 930, 766, 192, 155, 846, 905, 460, 281, 670, 26, 272, 533, 315, 169, 823, 664, 360, 468, 881, 836, 523, 357, 783, 447, 332, 304, 662, 621, 217], [815, 505, 855, 134, 0, 25, 675, 189, 737, 342, 635, 703, 54, 399, 123, 683, 366, 194, 574, 655, 214, 816, 636, 146, 193, 715, 778, 370, 241, 536, 158, 213, 424, 219, 201, 689, 550, 234, 418, 759, 721, 511, 237, 654, 339, 268, 246, 598, 521, 178], [823, 527, 880, 115, 25, 0, 700, 214, 759, 362, 650, 722, 77, 416, 137, 701, 389, 168, 599, 668, 239, 825, 651, 131, 168, 739, 802, 394, 227, 555, 138, 203, 430, 244, 177, 709, 558, 258, 438, 771, 747, 526, 262, 678, 344, 289, 236, 620, 524, 194], [1021, 244, 252, 766, 675, 700, 0, 507, 503, 381, 729, 652, 623, 611, 598, 679, 325, 862, 264, 510, 462, 1022, 732, 799, 868, 438, 401, 307, 871, 594, 791, 831, 815, 456, 875, 633, 847, 480, 345, 911, 216, 439, 457, 391, 780, 438, 853, 188, 907, 554], [747, 382, 670, 314, 189, 214, 507, 0, 560, 249, 516, 554, 149, 282, 188, 543, 238, 382, 385, 611, 104, 748, 518, 294, 373, 533, 591, 219, 365, 394, 340, 326, 399, 101, 378, 538, 495, 47, 325, 670, 534, 460, 51, 469, 332, 191, 350, 467, 504, 198], [593, 641, 404, 869, 737, 759, 503, 560, 0, 661, 325, 190, 706, 396, 744, 235, 595, 916, 268, 955, 611, 593, 328, 784, 887, 65, 144, 543, 804, 265, 894, 766, 576, 603, 887, 178, 526, 513, 687, 477, 304, 836, 526, 121, 600, 662, 769, 649, 624, 737], [977, 168, 610, 400, 342, 362, 381, 249, 661, 0, 719, 718, 289, 505, 236, 721, 69, 507, 410, 365, 149, 979, 722, 485, 526, 613, 635, 118, 575, 581, 424, 541, 648, 150, 536, 700, 736, 262, 79, 889, 507, 215, 226, 545, 581, 73, 570, 262, 752, 183], [293, 774, 707, 765, 635, 650, 729, 516, 325, 719, 0, 146, 628, 238, 695, 99, 671, 771, 465, 1073, 608, 294, 3, 620, 726, 368, 463, 623, 603, 143, 785, 573, 309, 602, 721, 151, 216, 479, 775, 183, 580, 930, 510, 370, 368, 687, 563, 818, 321, 713], [403, 741, 590, 837, 703, 722, 652, 554, 190, 718, 146, 0, 685, 310, 741, 48, 661, 861, 391, 1052, 632, 403, 148, 715, 822, 244, 334, 610, 713, 167, 860, 679, 440, 624, 819, 19, 361, 511, 763, 287, 476, 917, 535, 266, 485, 700, 674, 769, 465, 749], [824, 452, 807, 165, 54, 77, 623, 149, 706, 289, 628, 685, 0, 389, 84, 668, 312, 242, 531, 610, 161, 826, 629, 197, 246, 681, 740, 317, 289, 520, 191, 259, 442, 166, 254, 671, 561, 196, 366, 762, 675, 464, 193, 618, 359, 215, 291, 544, 542, 134], [472, 591, 673, 531, 399, 416, 611, 282, 396, 505, 238, 310, 389, 0, 457, 285, 467, 550, 376, 868, 380, 473, 240, 405, 512, 401, 490, 425, 411, 145, 553, 375, 211, 374, 509, 299, 243, 250, 570, 388, 529, 720, 284, 362, 208, 463, 375, 652, 296, 477], [903, 403, 801, 168, 123, 137, 598, 188, 744, 236, 695, 741, 84, 457, 0, 728, 275, 272, 543, 532, 147, 905, 697, 268, 292, 712, 762, 293, 363, 579, 193, 336, 525, 154, 303, 726, 641, 234, 308, 837, 677, 389, 218, 646, 442, 165, 369, 498, 625, 57], [361, 754, 630, 816, 683, 701, 679, 543, 235, 721, 99, 48, 668, 285, 728, 0, 666, 834, 416, 1062, 626, 361, 101, 686, 793, 286, 377, 616, 679, 149, 838, 646, 399, 619, 789, 57, 314, 501, 769, 245, 512, 924, 528, 300, 448, 698, 640, 788, 419, 739], [937, 145, 546, 443, 366, 389, 325, 238, 595, 69, 671, 661, 312, 467, 275, 666, 0, 544, 341, 403, 154, 939, 674, 504, 557, 546, 566, 52, 588, 530, 467, 551, 626, 151, 566, 642, 705, 238, 104, 845, 439, 259, 202, 478, 565, 113, 579, 234, 730, 229], [901, 675, 1048, 114, 194, 168, 862, 382, 916, 507, 771, 861, 242, 550, 272, 834, 544, 0, 767, 766, 401, 903, 772, 153, 60, 900, 967, 556, 213, 694, 100, 220, 507, 407, 73, 849, 641, 425, 578, 867, 915, 637, 431, 840, 423, 437, 246, 769, 582, 325], [758, 373, 303, 694, 574, 599, 264, 385, 268, 410, 465, 391, 531, 376, 543, 416, 341, 767, 0, 687, 398, 759, 468, 664, 754, 211, 226, 292, 714, 333, 721, 673, 587, 390, 758, 372, 598, 342, 425, 647, 159, 570, 338, 147, 570, 427, 687, 384, 669, 521], [1339, 314, 756, 653, 655, 668, 510, 611, 955, 365, 1073, 1052, 610, 868, 532, 1062, 403, 766, 687, 0, 508, 1341, 1075, 799, 806, 897, 888, 450, 895, 931, 667, 868, 1011, 510, 819, 1032, 1101, 627, 298, 1247, 715, 151, 591, 834, 940, 421, 900, 323, 1115, 477], [849, 298, 656, 308, 214, 239, 462, 104, 611, 149, 608, 632, 161, 380, 147, 626, 154, 401, 398, 508, 0, 850, 611, 350, 407, 575, 619, 156, 434, 479, 334, 398, 503, 8, 415, 615, 599, 130, 227, 768, 531, 356, 99, 508, 433, 87, 426, 389, 608, 126], [2, 1054, 991, 930, 816, 825, 1022, 748, 593, 979, 294, 403, 826, 473, 905, 361, 939, 903, 759, 1341, 850, 0, 291, 752, 847, 646, 737, 894, 698, 431, 945, 683, 398, 845, 838, 417, 267, 722, 1042, 117, 870, 1193, 756, 659, 484, 935, 661, 1104, 325, 936], [290, 777, 710, 766, 636, 651, 732, 518, 328, 722, 3, 148, 629, 240, 697, 101, 674, 772, 468, 1075, 611, 291, 0, 621, 727, 371, 466, 626, 603, 146, 786, 573, 309, 604, 722, 154, 214, 481, 778, 180, 583, 932, 512, 373, 368, 689, 563, 821, 320, 715], [750, 646, 959, 192, 146, 131, 799, 294, 784, 485, 620, 715, 197, 405, 268, 686, 504, 153, 664, 799, 350, 752, 621, 0, 107, 774, 848, 501, 97, 551, 200, 80, 355, 353, 104, 705, 489, 328, 563, 714, 819, 656, 344, 719, 271, 412, 112, 738, 435, 324], [845, 693, 1042, 155, 193, 168, 868, 373, 887, 526, 726, 822, 246, 512, 292, 793, 557, 60, 754, 806, 407, 847, 727, 107, 0, 875, 946, 562, 154, 657, 148, 164, 453, 412, 14, 811, 588, 413, 600, 815, 906, 672, 423, 818, 371, 454, 188, 787, 525, 349], [646, 583, 345, 846, 715, 739, 438, 533, 65, 613, 368, 244, 681, 401, 712, 286, 546, 900, 211, 897, 575, 646, 371, 774, 875, 0, 96, 495, 802, 286, 871, 763, 595, 567, 876, 230, 558, 486, 634, 530, 240, 781, 495, 68, 609, 620, 769, 587, 651, 701], [737, 580, 262, 905, 778, 802, 401, 591, 144, 635, 463, 334, 740, 490, 762, 377, 566, 967, 226, 888, 619, 737, 466, 848, 946, 96, 0, 518, 882, 381, 931, 842, 688, 611, 948, 321, 654, 545, 645, 620, 186, 784, 548, 130, 698, 653, 850, 568, 747, 744], [893, 170, 513, 460, 370, 394, 307, 219, 543, 118, 623, 610, 317, 425, 293, 616, 52, 556, 292, 450, 156, 894, 626, 501, 562, 495, 518, 0, 580, 482, 485, 542, 594, 150, 571, 591, 665, 209, 153, 799, 399, 309, 176, 427, 537, 143, 568, 248, 696, 254], [696, 732, 1014, 281, 241, 227, 871, 365, 804, 575, 603, 713, 289, 411, 363, 679, 588, 213, 714, 895, 434, 698, 603, 97, 154, 802, 882, 580, 0, 554, 284, 41, 311, 436, 143, 704, 444, 391, 653, 673, 872, 751, 414, 752, 236, 502, 40, 822, 374, 419], [430, 631, 600, 670, 536, 555, 594, 394, 265, 581, 143, 167, 520, 145, 579, 149, 530, 694, 333, 931, 479, 431, 146, 551, 657, 286, 381, 482, 554, 0, 693, 519, 311, 472, 654, 155, 277, 353, 635, 324, 464, 789, 380, 265, 338, 554, 517, 676, 366, 591], [943, 591, 990, 26, 158, 138, 791, 340, 894, 424, 785, 860, 191, 553, 193, 838, 467, 100, 721, 667, 334, 945, 786, 200, 148, 871, 931, 485, 284, 693, 0, 279, 547, 342, 162, 846, 679, 386, 490, 898, 862, 540, 384, 809, 461, 356, 310, 685, 633, 241], [681, 696, 973, 272, 213, 203, 831, 326, 766, 541, 573, 679, 259, 375, 336, 646, 551, 220, 673, 868, 398, 683, 573, 80, 164, 763, 842, 542, 41, 519, 279, 0, 289, 400, 156, 670, 424, 351, 620, 652, 831, 723, 374, 712, 210, 469, 33, 785, 362, 391], [396, 763, 883, 533, 424, 430, 815, 399, 576, 648, 309, 440, 442, 211, 525, 399, 626, 507, 587, 1011, 503, 398, 309, 355, 453, 595, 688, 594, 311, 311, 547, 289, 0, 500, 445, 437, 135, 389, 722, 363, 739, 860, 425, 565, 87, 590, 271, 836, 105, 564], [844, 296, 649, 315, 219, 244, 456, 101, 603, 150, 602, 624, 166, 374, 154, 619, 151, 407, 390, 510, 8, 845, 604, 353, 412, 567, 611, 150, 436, 472, 342, 400, 500, 0, 420, 607, 595, 124, 228, 763, 523, 359, 92, 500, 431, 91, 428, 386, 605, 134], [836, 703, 1048, 169, 201, 177, 875, 378, 887, 536, 721, 819, 254, 509, 303, 789, 566, 73, 758, 819, 415, 838, 722, 104, 14, 876, 948, 571, 143, 654, 162, 156, 445, 420, 0, 808, 580, 417, 611, 807, 910, 684, 428, 820, 364, 464, 178, 796, 515, 360], [417, 722, 575, 823, 689, 709, 633, 538, 178, 700, 151, 19, 671, 299, 726, 57, 642, 849, 372, 1032, 615, 417, 154, 705, 811, 230, 321, 591, 704, 155, 846, 670, 437, 607, 808, 0, 363, 494, 744, 300, 459, 899, 518, 249, 479, 683, 667, 750, 466, 732], [265, 832, 876, 664, 550, 558, 847, 495, 526, 736, 216, 361, 561, 243, 641, 314, 705, 641, 598, 1101, 599, 267, 214, 489, 588, 558, 654, 665, 444, 277, 679, 424, 135, 595, 580, 363, 0, 475, 805, 230, 738, 951, 510, 542, 219, 685, 405, 895, 106, 675], [720, 378, 631, 360, 234, 258, 480, 47, 513, 262, 479, 511, 196, 250, 234, 501, 238, 425, 342, 627, 130, 722, 481, 328, 413, 486, 545, 209, 391, 353, 386, 351, 389, 124, 417, 494, 475, 0, 333, 638, 493, 476, 36, 422, 329, 213, 373, 457, 493, 238], [1041, 107, 587, 468, 418, 438, 345, 325, 687, 79, 775, 763, 366, 570, 308, 769, 104, 578, 425, 298, 227, 1042, 778, 563, 600, 634, 645, 153, 653, 635, 490, 620, 722, 228, 611, 744, 805, 333, 0, 949, 500, 155, 297, 568, 657, 151, 649, 198, 826, 253], [116, 954, 874, 881, 759, 771, 911, 670, 477, 889, 183, 287, 762, 388, 837, 245, 845, 867, 647, 1247, 768, 117, 180, 714, 815, 530, 620, 799, 673, 324, 898, 652, 363, 763, 807, 300, 230, 638, 949, 0, 754, 1102, 671, 543, 444, 851, 634, 1000, 318, 863], [870, 419, 145, 836, 721, 747, 216, 534, 304, 507, 580, 476, 675, 529, 677, 512, 439, 915, 159, 715, 531, 870, 583, 819, 906, 240, 186, 399, 872, 464, 862, 831, 739, 523, 910, 459, 738, 493, 500, 754, 0, 624, 484, 212, 727, 542, 846, 392, 817, 648], [1192, 205, 690, 523, 511, 526, 439, 460, 836, 215, 930, 917, 464, 720, 389, 924, 259, 637, 570, 151, 356, 1193, 932, 656, 672, 781, 784, 309, 751, 789, 540, 723, 860, 359, 684, 899, 951, 476, 155, 1102, 624, 0, 440, 715, 789, 270, 755, 254, 964, 333], [755, 344, 620, 357, 237, 262, 457, 51, 526, 226, 510, 535, 193, 284, 218, 528, 202, 431, 338, 591, 99, 756, 512, 344, 423, 495, 548, 176, 414, 380, 384, 374, 425, 92, 428, 518, 510, 36, 297, 671, 484, 440, 0, 430, 363, 179, 398, 425, 529, 215], [658, 520, 337, 783, 654, 678, 391, 469, 121, 545, 370, 266, 618, 362, 646, 300, 478, 840, 147, 834, 508, 659, 373, 719, 818, 68, 130, 427, 752, 265, 809, 712, 565, 500, 820, 249, 542, 422, 568, 543, 212, 715, 430, 0, 570, 552, 720, 529, 630, 634], [482, 706, 872, 447, 339, 344, 780, 332, 600, 581, 368, 485, 359, 208, 442, 448, 565, 423, 570, 940, 433, 484, 368, 271, 371, 609, 698, 537, 236, 338, 461, 210, 87, 431, 364, 479, 219, 329, 657, 444, 727, 789, 363, 570, 0, 519, 196, 784, 183, 484], [933, 239, 655, 332, 268, 289, 438, 191, 662, 73, 687, 700, 215, 463, 165, 698, 113, 437, 427, 421, 87, 935, 689, 412, 454, 620, 653, 143, 502, 554, 356, 469, 590, 91, 464, 683, 685, 213, 151, 851, 542, 270, 179, 552, 519, 0, 499, 333, 694, 117], [659, 724, 989, 304, 246, 236, 853, 350, 769, 570, 563, 674, 291, 375, 369, 640, 579, 246, 687, 900, 426, 661, 563, 112, 188, 769, 850, 568, 40, 517, 310, 33, 271, 428, 178, 667, 405, 373, 649, 634, 846, 755, 398, 720, 196, 499, 0, 813, 337, 423], [1103, 94, 439, 662, 598, 620, 188, 467, 649, 262, 818, 769, 544, 652, 498, 788, 234, 769, 384, 323, 389, 1104, 821, 738, 787, 587, 568, 248, 822, 676, 685, 785, 836, 386, 796, 750, 895, 457, 198, 1000, 392, 254, 425, 529, 784, 333, 813, 0, 936, 445], [323, 866, 958, 621, 521, 524, 907, 504, 624, 752, 321, 465, 542, 296, 625, 419, 730, 582, 669, 1115, 608, 325, 320, 435, 525, 651, 747, 696, 374, 366, 633, 362, 105, 605, 515, 466, 106, 493, 826, 318, 817, 964, 529, 630, 183, 694, 337, 936, 0, 666], [934, 351, 766, 217, 178, 194, 554, 198, 737, 183, 713, 749, 134, 477, 57, 739, 229, 325, 521, 477, 126, 936, 715, 324, 349, 701, 744, 254, 419, 591, 241, 391, 564, 134, 360, 732, 675, 238, 253, 863, 648, 333, 215, 634, 484, 117, 423, 445, 666, 0]]}