{"n": 50, "m": 50, "facilities": [{"i": 0, "x": 847, "y": 244}, {"i": 1, "x": 847, "y": 67}, {"i": 2, "x": 638, "y": 878}, {"i": 3, "x": 250, "y": 983}, {"i": 4, "x": 557, "y": 801}, {"i": 5, "x": 405, "y": 896}, {"i": 6, "x": 244, "y": 884}, {"i": 7, "x": 1, "y": 409}, {"i": 8, "x": 577, "y": 581}, {"i": 9, "x": 415, "y": 125}, {"i": 10, "x": 801, "y": 734}, {"i": 11, "x": 123, "y": 841}, {"i": 12, "x": 895, "y": 85}, {"i": 13, "x": 997, "y": 499}, {"i": 14, "x": 225, "y": 849}, {"i": 15, "x": 799, "y": 663}, {"i": 16, "x": 232, "y": 415}, {"i": 17, "x": 143, "y": 791}, {"i": 18, "x": 596, "y": 420}, {"i": 19, "x": 550, "y": 276}, {"i": 20, "x": 507, "y": 906}, {"i": 21, "x": 608, "y": 635}, {"i": 22, "x": 789, "y": 253}, {"i": 23, "x": 709, "y": 995}, {"i": 24, "x": 610, "y": 428}, {"i": 25, "x": 276, "y": 735}, {"i": 26, "x": 574, "y": 761}, {"i": 27, "x": 519, "y": 825}, {"i": 28, "x": 26, "y": 221}, {"i": 29, "x": 142, "y": 274}, {"i": 30, "x": 225, "y": 897}, {"i": 31, "x": 276, "y": 704}, {"i": 32, "x": 321, "y": 910}, {"i": 33, "x": 666, "y": 990}, {"i": 34, "x": 591, "y": 865}, {"i": 35, "x": 520, "y": 793}, {"i": 36, "x": 728, "y": 733}, {"i": 37, "x": 964, "y": 156}, {"i": 38, "x": 942, "y": 766}, {"i": 39, "x": 356, "y": 205}, {"i": 40, "x": 174, "y": 76}, {"i": 41, "x": 594, "y": 159}, {"i": 42, "x": 721, "y": 593}, {"i": 43, "x": 552, "y": 885}, {"i": 44, "x": 266, "y": 113}, {"i": 45, "x": 118, "y": 843}, {"i": 46, "x": 76, "y": 126}, {"i": 47, "x": 754, "y": 257}, {"i": 48, "x": 18, "y": 652}, {"i": 49, "x": 205, "y": 570}], "users": [{"i": 0, "x": 171, "y": 568}, {"i": 1, "x": 694, "y": 160}, {"i": 2, "x": 582, "y": 956}, {"i": 3, "x": 517, "y": 976}, {"i": 4, "x": 831, "y": 422}, {"i": 5, "x": 456, "y": 868}, {"i": 6, "x": 984, "y": 966}, {"i": 7, "x": 682, "y": 811}, {"i": 8, "x": 31, "y": 490}, {"i": 9, "x": 238, "y": 496}, {"i": 10, "x": 986, "y": 240}, {"i": 11, "x": 53, "y": 450}, {"i": 12, "x": 650, "y": 983}, {"i": 13, "x": 162, "y": 375}, {"i": 14, "x": 732, "y": 619}, {"i": 15, "x": 53, "y": 892}, {"i": 16, "x": 32, "y": 256}, {"i": 17, "x": 90, "y": 14}, {"i": 18, "x": 470, "y": 442}, {"i": 19, "x": 476, "y": 496}, {"i": 20, "x": 365, "y": 17}, {"i": 21, "x": 416, "y": 285}, {"i": 22, "x": 710, "y": 741}, {"i": 23, "x": 444, "y": 633}, {"i": 24, "x": 765, "y": 902}, {"i": 25, "x": 310, "y": 282}, {"i": 26, "x": 513, "y": 776}, {"i": 27, "x": 545, "y": 481}, {"i": 28, "x": 212, "y": 247}, {"i": 29, "x": 253, "y": 773}, {"i": 30, "x": 383, "y": 602}, {"i": 31, "x": 226, "y": 731}, {"i": 32, "x": 440, "y": 785}, {"i": 33, "x": 263, "y": 640}, {"i": 34, "x": 151, "y": 438}, {"i": 35, "x": 795, "y": 842}, {"i": 36, "x": 339, "y": 223}, {"i": 37, "x": 86, "y": 235}, {"i": 38, "x": 270, "y": 407}, {"i": 39, "x": 37, "y": 663}, {"i": 40, "x": 937, "y": 599}, {"i": 41, "x": 528, "y": 946}, {"i": 42, "x": 410, "y": 371}, {"i": 43, "x": 665, "y": 820}, {"i": 44, "x": 207, "y": 640}, {"i": 45, "x": 88, "y": 70}, {"i": 46, "x": 682, "y": 61}, {"i": 47, "x": 878, "y": 195}, {"i": 48, "x": 61, "y": 940}, {"i": 49, "x": 985, "y": 962}], "distances": [[750, 841, 561, 422, 451, 403, 324, 233, 406, 506, 652, 277, 870, 829, 286, 635, 165, 225, 450, 478, 477, 442, 694, 687, 461, 197, 447, 433, 376, 295, 333, 172, 373, 650, 514, 415, 581, 894, 796, 407, 492, 588, 551, 496, 465, 280, 452, 661, 175, 34], [175, 179, 720, 935, 655, 791, 852, 736, 437, 281, 584, 889, 215, 455, 833, 514, 528, 838, 278, 185, 769, 483, 133, 835, 281, 711, 613, 688, 671, 564, 874, 686, 838, 830, 712, 656, 574, 270, 655, 341, 527, 100, 434, 739, 431, 893, 619, 114, 836, 638], [760, 928, 96, 333, 157, 187, 346, 798, 375, 848, 312, 473, 926, 617, 373, 365, 644, 469, 536, 681, 90, 322, 733, 133, 529, 377, 195, 145, 922, 812, 362, 396, 265, 91, 91, 174, 267, 887, 407, 784, 970, 797, 389, 77, 900, 478, 972, 720, 641, 540], [803, 967, 156, 267, 180, 138, 288, 767, 400, 857, 373, 416, 968, 677, 318, 421, 629, 417, 562, 701, 71, 353, 772, 193, 556, 341, 222, 151, 901, 796, 302, 363, 207, 150, 133, 183, 322, 934, 474, 788, 963, 821, 434, 97, 899, 421, 958, 757, 595, 512], [179, 355, 495, 808, 468, 637, 747, 830, 300, 511, 313, 823, 343, 183, 741, 243, 599, 781, 235, 317, 582, 308, 174, 586, 221, 637, 425, 510, 830, 705, 770, 623, 706, 591, 504, 484, 328, 297, 361, 522, 743, 354, 203, 541, 644, 828, 811, 182, 845, 643], [736, 891, 182, 236, 121, 58, 213, 646, 311, 744, 370, 334, 898, 655, 232, 400, 505, 322, 469, 599, 64, 278, 699, 283, 466, 224, 159, 76, 777, 672, 233, 244, 141, 243, 135, 99, 304, 875, 497, 670, 841, 722, 382, 97, 779, 339, 834, 680, 488, 390], [735, 909, 357, 734, 458, 583, 745, 1130, 560, 1015, 295, 870, 885, 467, 768, 355, 932, 859, 670, 815, 481, 501, 739, 277, 655, 745, 458, 486, 1214, 1090, 762, 755, 665, 319, 406, 495, 346, 810, 204, 987, 1203, 896, 456, 440, 1115, 875, 1237, 745, 1016, 874], [591, 762, 80, 465, 125, 290, 444, 791, 253, 736, 142, 560, 757, 443, 459, 189, 599, 539, 400, 551, 199, 191, 568, 186, 390, 413, 119, 164, 882, 762, 465, 420, 374, 180, 106, 163, 91, 713, 264, 688, 893, 658, 221, 150, 813, 565, 915, 559, 683, 534], [852, 919, 720, 539, 611, 552, 448, 86, 554, 530, 808, 363, 954, 966, 408, 787, 215, 321, 569, 561, 632, 595, 794, 845, 582, 346, 607, 592, 269, 243, 451, 325, 510, 808, 674, 575, 738, 991, 952, 432, 438, 653, 698, 654, 444, 364, 367, 760, 163, 192], [659, 745, 553, 487, 441, 433, 388, 252, 349, 411, 611, 364, 775, 759, 353, 585, 81, 310, 366, 382, 490, 395, 602, 686, 378, 242, 428, 433, 347, 242, 401, 211, 422, 654, 511, 410, 544, 802, 754, 314, 425, 490, 493, 500, 384, 367, 404, 569, 270, 81], [139, 222, 727, 1046, 706, 876, 982, 999, 533, 582, 528, 1052, 180, 259, 975, 462, 774, 1007, 430, 437, 820, 547, 197, 804, 420, 866, 664, 749, 960, 845, 1005, 848, 944, 815, 739, 723, 556, 87, 528, 631, 828, 400, 441, 777, 731, 1057, 917, 233, 1052, 848], [820, 882, 725, 568, 614, 568, 474, 66, 540, 486, 800, 397, 918, 945, 434, 776, 182, 353, 544, 527, 643, 585, 762, 853, 557, 362, 607, 598, 231, 197, 479, 338, 532, 817, 679, 579, 732, 957, 943, 390, 393, 614, 683, 662, 399, 398, 325, 727, 205, 194], [765, 937, 106, 400, 204, 260, 418, 866, 409, 890, 291, 546, 931, 596, 446, 353, 705, 542, 566, 714, 162, 351, 743, 60, 556, 449, 235, 205, 985, 872, 434, 467, 337, 17, 132, 230, 262, 885, 364, 832, 1024, 826, 396, 139, 951, 550, 1031, 733, 713, 607], [697, 751, 693, 614, 581, 575, 516, 165, 463, 356, 733, 468, 788, 844, 478, 699, 81, 416, 436, 400, 633, 516, 639, 827, 451, 378, 565, 574, 205, 103, 526, 348, 558, 795, 651, 550, 670, 831, 873, 258, 299, 483, 600, 642, 282, 470, 263, 604, 312, 200], [392, 564, 276, 604, 252, 429, 555, 761, 160, 587, 134, 648, 558, 291, 557, 80, 540, 614, 241, 388, 365, 125, 370, 377, 227, 471, 212, 296, 810, 683, 578, 464, 504, 377, 284, 274, 114, 518, 256, 559, 779, 480, 28, 321, 688, 654, 821, 363, 715, 529], [1025, 1145, 585, 217, 512, 352, 191, 486, 609, 848, 765, 87, 1166, 1023, 177, 780, 509, 135, 719, 791, 454, 612, 975, 664, 725, 273, 537, 471, 672, 624, 172, 292, 269, 621, 539, 477, 693, 1171, 898, 751, 825, 911, 732, 499, 808, 81, 766, 946, 243, 356], [815, 837, 868, 759, 757, 741, 663, 156, 635, 405, 905, 592, 880, 995, 624, 868, 256, 546, 587, 518, 805, 690, 757, 1002, 603, 538, 741, 749, 36, 111, 669, 510, 715, 970, 827, 726, 844, 937, 1043, 328, 229, 570, 767, 816, 274, 593, 137, 722, 396, 359], [791, 759, 1023, 982, 915, 937, 884, 405, 747, 343, 1012, 828, 808, 1029, 846, 961, 425, 779, 649, 529, 985, 809, 739, 1160, 665, 745, 890, 917, 217, 265, 893, 715, 925, 1133, 988, 890, 961, 885, 1136, 327, 104, 524, 856, 986, 202, 829, 113, 707, 642, 568], [426, 532, 467, 584, 369, 459, 496, 470, 175, 322, 441, 529, 555, 530, 475, 396, 240, 478, 128, 184, 465, 237, 371, 602, 141, 351, 336, 386, 496, 369, 517, 326, 491, 582, 440, 355, 389, 571, 573, 263, 471, 309, 293, 451, 387, 534, 505, 339, 498, 294], [448, 567, 415, 537, 316, 406, 452, 483, 132, 376, 403, 494, 587, 521, 433, 364, 257, 445, 142, 232, 411, 192, 396, 551, 150, 312, 283, 332, 527, 401, 473, 289, 442, 529, 387, 300, 346, 595, 539, 315, 517, 357, 264, 396, 437, 499, 545, 367, 484, 281], [533, 485, 903, 973, 807, 880, 875, 535, 603, 119, 839, 859, 534, 795, 844, 778, 420, 805, 465, 318, 900, 664, 485, 1037, 478, 723, 773, 823, 396, 340, 891, 693, 894, 1018, 878, 791, 803, 615, 945, 188, 200, 269, 677, 888, 138, 862, 309, 457, 724, 576], [433, 483, 633, 717, 535, 611, 623, 433, 337, 160, 591, 628, 519, 619, 595, 538, 225, 575, 225, 134, 628, 399, 374, 768, 241, 471, 502, 550, 395, 274, 641, 442, 632, 748, 606, 519, 546, 563, 713, 100, 320, 218, 433, 615, 228, 633, 375, 339, 541, 355], [516, 688, 155, 520, 164, 342, 487, 783, 208, 683, 91, 595, 682, 375, 497, 118, 579, 569, 341, 492, 262, 147, 494, 254, 329, 434, 137, 209, 859, 735, 509, 436, 424, 253, 172, 197, 20, 638, 233, 642, 854, 593, 148, 214, 769, 601, 883, 486, 698, 533], [560, 695, 313, 400, 202, 266, 321, 496, 143, 509, 371, 382, 710, 569, 308, 356, 304, 340, 262, 372, 280, 164, 513, 449, 264, 197, 182, 206, 587, 469, 343, 182, 303, 420, 275, 177, 301, 706, 515, 437, 619, 497, 280, 274, 550, 388, 626, 487, 426, 247], [663, 839, 129, 521, 231, 360, 521, 909, 372, 852, 172, 645, 827, 465, 543, 241, 722, 632, 511, 662, 258, 310, 649, 109, 499, 517, 237, 258, 1005, 885, 540, 528, 444, 132, 178, 268, 173, 772, 223, 808, 1016, 762, 312, 214, 934, 650, 1038, 645, 788, 651], [538, 578, 680, 704, 575, 621, 606, 334, 401, 189, 667, 589, 617, 720, 573, 620, 154, 536, 318, 240, 654, 462, 480, 817, 334, 454, 547, 582, 290, 168, 621, 423, 628, 792, 647, 552, 615, 666, 796, 90, 247, 309, 515, 650, 175, 593, 281, 445, 471, 307], [628, 784, 161, 335, 51, 161, 290, 630, 205, 658, 291, 395, 790, 558, 297, 308, 457, 370, 366, 501, 130, 170, 591, 294, 361, 241, 63, 49, 738, 624, 312, 248, 234, 263, 118, 18, 219, 767, 429, 592, 778, 622, 277, 116, 708, 401, 783, 572, 510, 371], [384, 512, 408, 582, 320, 438, 503, 549, 105, 379, 360, 555, 529, 452, 488, 312, 320, 508, 80, 205, 427, 166, 334, 540, 84, 370, 281, 345, 580, 453, 525, 349, 484, 523, 387, 313, 311, 530, 489, 335, 549, 326, 209, 404, 462, 560, 588, 306, 554, 351], [635, 660, 761, 737, 653, 677, 638, 266, 495, 237, 764, 601, 702, 824, 602, 719, 169, 548, 421, 339, 722, 554, 577, 898, 437, 492, 629, 654, 188, 75, 650, 461, 672, 871, 725, 627, 709, 757, 896, 150, 175, 392, 615, 723, 144, 603, 182, 542, 449, 323], [795, 923, 399, 210, 305, 196, 111, 443, 377, 668, 549, 147, 941, 793, 81, 557, 359, 111, 492, 579, 287, 381, 747, 507, 496, 44, 321, 271, 597, 511, 127, 73, 153, 467, 350, 268, 477, 941, 689, 577, 701, 702, 501, 319, 660, 152, 671, 719, 264, 209], [586, 708, 376, 404, 264, 295, 314, 428, 195, 478, 438, 353, 728, 623, 293, 420, 240, 305, 280, 366, 328, 227, 535, 511, 286, 171, 249, 261, 522, 407, 335, 148, 314, 480, 335, 235, 369, 732, 583, 398, 566, 491, 338, 330, 503, 358, 566, 507, 368, 181], [789, 909, 437, 253, 338, 243, 154, 393, 382, 635, 575, 151, 930, 805, 118, 577, 316, 102, 483, 559, 331, 394, 739, 550, 489, 50, 349, 308, 548, 465, 166, 57, 203, 511, 389, 300, 502, 936, 717, 542, 657, 680, 514, 361, 619, 156, 623, 710, 222, 162], [677, 825, 219, 274, 118, 116, 220, 578, 246, 660, 365, 322, 835, 626, 224, 379, 424, 297, 397, 521, 138, 225, 636, 341, 395, 171, 136, 89, 700, 592, 242, 183, 173, 305, 171, 80, 293, 819, 502, 586, 757, 645, 340, 150, 694, 327, 753, 614, 442, 319], [706, 818, 444, 343, 335, 293, 245, 349, 319, 537, 546, 245, 841, 747, 212, 536, 227, 193, 399, 464, 361, 345, 653, 570, 407, 96, 334, 316, 481, 385, 260, 65, 276, 534, 398, 299, 474, 852, 691, 445, 571, 584, 460, 379, 527, 249, 547, 623, 245, 91], [723, 789, 656, 554, 545, 524, 456, 153, 449, 409, 714, 404, 823, 848, 418, 686, 84, 353, 445, 431, 588, 498, 664, 788, 459, 322, 532, 534, 250, 164, 465, 294, 502, 755, 613, 512, 648, 861, 856, 310, 363, 524, 591, 601, 345, 406, 321, 630, 252, 143], [600, 777, 161, 563, 242, 394, 553, 904, 340, 811, 108, 672, 764, 398, 570, 179, 707, 654, 467, 617, 295, 279, 589, 176, 453, 530, 235, 277, 988, 865, 573, 537, 479, 196, 205, 279, 128, 707, 165, 774, 986, 712, 260, 247, 901, 677, 1015, 586, 800, 650], [508, 531, 720, 765, 618, 676, 668, 386, 430, 124, 689, 655, 573, 714, 636, 637, 220, 601, 324, 218, 703, 492, 451, 856, 340, 516, 587, 628, 313, 203, 684, 485, 687, 834, 690, 598, 641, 629, 811, 25, 221, 263, 532, 695, 132, 658, 280, 416, 536, 372], [761, 779, 847, 766, 736, 734, 668, 194, 601, 347, 872, 607, 823, 948, 630, 832, 232, 559, 543, 466, 792, 658, 703, 983, 558, 535, 718, 732, 62, 68, 676, 506, 715, 952, 807, 707, 813, 882, 1007, 272, 182, 514, 729, 800, 217, 609, 109, 668, 423, 356], [600, 670, 598, 576, 487, 507, 478, 269, 353, 317, 624, 458, 703, 733, 444, 588, 39, 404, 326, 309, 552, 408, 541, 734, 341, 328, 467, 487, 307, 185, 492, 297, 506, 705, 559, 460, 562, 738, 762, 220, 345, 408, 488, 555, 294, 462, 341, 507, 351, 175], [912, 1006, 638, 384, 538, 436, 303, 257, 546, 658, 767, 198, 1035, 974, 264, 762, 315, 166, 610, 643, 529, 572, 857, 750, 619, 250, 546, 508, 442, 403, 300, 242, 376, 709, 590, 500, 695, 1057, 911, 558, 603, 751, 688, 561, 596, 197, 538, 824, 22, 192], [366, 540, 409, 787, 430, 609, 749, 955, 360, 705, 192, 849, 516, 117, 755, 152, 729, 817, 385, 504, 528, 331, 376, 457, 369, 675, 398, 475, 986, 859, 772, 669, 690, 476, 436, 460, 248, 444, 167, 702, 925, 558, 216, 480, 829, 855, 982, 388, 921, 733], [771, 935, 129, 280, 148, 133, 291, 752, 368, 829, 346, 418, 936, 648, 318, 392, 608, 415, 530, 670, 45, 321, 741, 188, 524, 329, 191, 121, 882, 775, 307, 349, 210, 145, 103, 153, 292, 902, 451, 761, 939, 790, 402, 66, 873, 423, 936, 725, 589, 496], [455, 532, 556, 633, 454, 525, 539, 411, 268, 246, 534, 551, 563, 601, 513, 486, 183, 498, 192, 169, 544, 330, 397, 692, 208, 388, 423, 467, 412, 285, 558, 359, 546, 670, 526, 436, 482, 594, 663, 175, 378, 281, 382, 533, 295, 555, 414, 362, 482, 286], [604, 775, 64, 446, 110, 271, 426, 781, 255, 739, 161, 542, 770, 462, 441, 206, 593, 523, 406, 556, 180, 194, 580, 180, 396, 398, 108, 146, 876, 756, 447, 406, 356, 170, 87, 147, 107, 728, 282, 688, 891, 665, 234, 130, 812, 547, 910, 570, 668, 524], [753, 859, 492, 346, 385, 324, 247, 310, 375, 555, 601, 218, 884, 802, 210, 592, 226, 164, 447, 500, 401, 401, 699, 615, 455, 117, 386, 363, 456, 372, 258, 94, 293, 577, 445, 348, 529, 899, 746, 460, 565, 617, 516, 423, 530, 222, 530, 668, 189, 70], [779, 759, 977, 927, 869, 885, 829, 350, 707, 332, 974, 772, 807, 1005, 791, 926, 374, 723, 617, 506, 935, 768, 724, 1114, 633, 691, 845, 869, 163, 211, 838, 661, 872, 1087, 941, 842, 922, 880, 1102, 300, 86, 514, 821, 938, 183, 774, 57, 692, 586, 514], [246, 165, 818, 1018, 750, 880, 932, 765, 530, 275, 683, 960, 214, 540, 911, 613, 573, 907, 369, 252, 863, 579, 220, 934, 374, 787, 708, 781, 675, 580, 953, 760, 923, 929, 809, 750, 674, 298, 751, 356, 508, 132, 533, 834, 419, 964, 609, 209, 889, 698], [58, 132, 724, 1008, 686, 846, 936, 903, 489, 468, 544, 994, 111, 326, 924, 475, 682, 946, 361, 338, 802, 516, 106, 818, 355, 809, 642, 725, 852, 740, 959, 788, 906, 823, 729, 697, 559, 94, 575, 522, 714, 286, 428, 763, 617, 999, 805, 139, 974, 770], [1050, 1175, 580, 194, 515, 347, 191, 534, 629, 889, 768, 117, 1194, 1035, 188, 788, 552, 170, 746, 825, 447, 626, 1001, 650, 751, 297, 543, 472, 720, 671, 170, 319, 262, 607, 535, 482, 698, 1196, 898, 792, 871, 946, 746, 494, 852, 113, 814, 973, 291, 397], [731, 906, 357, 735, 457, 584, 745, 1129, 558, 1013, 293, 870, 882, 463, 768, 352, 931, 859, 667, 812, 481, 499, 736, 278, 653, 744, 458, 486, 1212, 1088, 763, 754, 666, 320, 406, 495, 344, 806, 201, 984, 1201, 893, 454, 440, 1113, 875, 1235, 742, 1015, 873]], "facilities_distances": [[0, 177, 668, 950, 628, 788, 879, 862, 432, 448, 492, 938, 166, 296, 868, 422, 638, 892, 307, 299, 744, 458, 59, 764, 300, 753, 585, 667, 821, 706, 902, 733, 849, 768, 672, 639, 503, 146, 531, 493, 694, 267, 371, 706, 596, 944, 780, 94, 924, 720], [177, 0, 837, 1093, 789, 939, 1015, 913, 581, 436, 669, 1060, 51, 457, 999, 598, 707, 1010, 433, 363, 905, 616, 195, 938, 432, 879, 746, 826, 835, 735, 1037, 855, 994, 941, 838, 796, 677, 147, 705, 510, 673, 269, 541, 870, 583, 1065, 773, 212, 1015, 816], [668, 837, 0, 402, 112, 234, 394, 791, 303, 785, 217, 516, 834, 522, 414, 269, 616, 503, 460, 608, 134, 245, 643, 137, 451, 389, 133, 130, 898, 782, 413, 402, 319, 115, 49, 145, 171, 792, 324, 730, 927, 720, 297, 86, 851, 521, 939, 632, 660, 531], [950, 1093, 402, 0, 357, 178, 99, 626, 518, 874, 605, 191, 1106, 890, 136, 635, 568, 220, 661, 768, 268, 499, 907, 459, 662, 249, 393, 312, 794, 717, 90, 280, 102, 416, 361, 330, 539, 1093, 725, 785, 910, 893, 612, 318, 870, 192, 874, 884, 404, 415], [628, 789, 112, 357, 0, 179, 324, 680, 221, 691, 253, 436, 792, 534, 335, 279, 505, 414, 383, 525, 116, 174, 595, 246, 377, 289, 43, 45, 786, 671, 346, 297, 260, 218, 72, 38, 184, 763, 387, 629, 820, 643, 265, 84, 747, 441, 829, 579, 559, 421], [788, 939, 234, 178, 179, 0, 161, 633, 359, 771, 428, 287, 948, 713, 186, 458, 511, 282, 513, 637, 102, 331, 749, 320, 511, 206, 216, 134, 774, 675, 180, 231, 85, 277, 189, 154, 362, 927, 553, 693, 852, 761, 438, 147, 795, 292, 837, 728, 457, 382], [879, 1015, 394, 99, 324, 161, 0, 534, 450, 778, 577, 128, 1031, 846, 40, 597, 469, 137, 582, 681, 264, 441, 834, 478, 585, 152, 352, 281, 698, 618, 23, 183, 81, 435, 348, 291, 507, 1024, 708, 688, 811, 805, 559, 308, 771, 133, 776, 808, 324, 316], [862, 913, 791, 626, 680, 633, 534, 0, 601, 502, 863, 449, 951, 1000, 494, 837, 231, 408, 595, 565, 709, 648, 803, 919, 609, 426, 672, 664, 190, 195, 537, 403, 594, 883, 746, 646, 796, 996, 1006, 409, 375, 644, 743, 728, 397, 449, 293, 768, 244, 260], [432, 581, 303, 518, 221, 359, 450, 601, 0, 484, 271, 523, 589, 428, 442, 237, 383, 482, 162, 306, 332, 62, 391, 435, 157, 338, 180, 251, 658, 532, 473, 325, 417, 419, 284, 220, 214, 575, 409, 436, 646, 422, 144, 305, 562, 529, 677, 369, 563, 372], [448, 436, 785, 874, 691, 771, 778, 502, 484, 0, 721, 773, 482, 692, 749, 661, 343, 719, 346, 203, 786, 545, 395, 918, 360, 626, 656, 708, 401, 311, 795, 595, 791, 901, 761, 676, 684, 550, 830, 99, 246, 182, 559, 772, 149, 777, 339, 364, 660, 492], [492, 669, 217, 605, 253, 428, 577, 863, 271, 721, 0, 686, 656, 306, 587, 71, 652, 660, 375, 522, 341, 217, 481, 277, 361, 525, 229, 296, 929, 804, 599, 526, 511, 289, 248, 287, 73, 601, 145, 691, 909, 611, 162, 291, 820, 692, 946, 479, 787, 618], [938, 1060, 516, 191, 436, 287, 128, 449, 523, 773, 686, 0, 1081, 939, 102, 699, 440, 54, 633, 708, 389, 527, 888, 606, 639, 186, 458, 396, 628, 567, 116, 205, 210, 563, 469, 400, 615, 1085, 822, 677, 767, 829, 647, 431, 742, 5, 717, 860, 216, 283], [166, 51, 834, 1106, 792, 948, 1031, 951, 589, 482, 656, 1081, 0, 426, 1016, 586, 741, 1031, 449, 394, 908, 620, 199, 929, 446, 898, 748, 830, 880, 776, 1053, 875, 1005, 934, 837, 801, 669, 99, 683, 552, 721, 310, 537, 870, 630, 1085, 820, 222, 1044, 843], [296, 457, 522, 890, 534, 713, 846, 1000, 428, 692, 306, 939, 426, 0, 848, 257, 770, 903, 409, 500, 637, 412, 322, 574, 393, 759, 498, 579, 1010, 884, 869, 750, 791, 592, 547, 560, 357, 345, 273, 705, 925, 527, 292, 589, 827, 944, 994, 343, 991, 795], [868, 999, 414, 136, 335, 186, 40, 494, 442, 749, 587, 102, 1016, 848, 0, 603, 434, 100, 567, 659, 288, 439, 821, 506, 570, 125, 360, 295, 659, 581, 48, 154, 114, 463, 366, 300, 516, 1013, 722, 657, 775, 782, 558, 329, 737, 107, 738, 794, 286, 280], [422, 598, 269, 635, 279, 458, 597, 837, 237, 661, 71, 699, 586, 257, 603, 0, 619, 668, 317, 460, 380, 193, 410, 344, 302, 528, 245, 323, 890, 764, 620, 525, 538, 353, 290, 308, 100, 533, 176, 637, 857, 544, 105, 332, 766, 704, 901, 408, 781, 601], [638, 707, 616, 568, 505, 511, 469, 231, 383, 343, 652, 440, 741, 770, 434, 619, 0, 386, 364, 347, 563, 436, 580, 751, 378, 323, 486, 500, 283, 167, 482, 292, 503, 720, 576, 475, 589, 776, 792, 244, 344, 443, 520, 569, 304, 443, 328, 545, 319, 157], [892, 1010, 503, 220, 414, 282, 137, 408, 482, 719, 660, 54, 1031, 903, 100, 668, 386, 0, 586, 656, 382, 490, 841, 602, 591, 144, 432, 378, 582, 517, 134, 159, 214, 560, 454, 377, 588, 1038, 799, 624, 716, 776, 611, 420, 689, 58, 668, 811, 187, 230], [307, 433, 460, 661, 383, 513, 582, 595, 162, 346, 375, 633, 449, 409, 567, 317, 364, 586, 0, 151, 494, 215, 255, 586, 16, 449, 342, 412, 604, 477, 604, 428, 562, 574, 445, 381, 340, 453, 489, 322, 544, 261, 213, 467, 451, 638, 597, 227, 623, 419], [299, 363, 608, 768, 525, 637, 681, 565, 306, 203, 522, 708, 394, 500, 659, 460, 347, 656, 151, 0, 631, 364, 240, 736, 163, 535, 486, 550, 527, 408, 701, 508, 674, 723, 590, 518, 490, 431, 628, 207, 426, 125, 360, 609, 327, 713, 497, 205, 651, 453], [744, 905, 134, 268, 116, 102, 264, 709, 332, 786, 341, 389, 908, 637, 288, 380, 563, 382, 494, 631, 0, 289, 711, 221, 489, 287, 160, 82, 837, 730, 282, 307, 186, 180, 93, 114, 281, 878, 457, 717, 894, 752, 379, 50, 829, 394, 891, 694, 551, 452], [458, 616, 245, 499, 174, 331, 441, 648, 62, 545, 217, 527, 620, 412, 439, 193, 436, 490, 215, 364, 289, 0, 423, 374, 207, 347, 131, 210, 714, 589, 464, 339, 397, 360, 231, 181, 155, 597, 359, 498, 708, 476, 121, 256, 624, 532, 736, 405, 590, 408], [59, 195, 643, 907, 595, 749, 834, 803, 391, 395, 481, 888, 199, 322, 821, 410, 580, 841, 255, 240, 711, 423, 0, 746, 250, 704, 552, 633, 764, 647, 856, 683, 807, 747, 643, 603, 484, 200, 535, 436, 640, 216, 347, 675, 541, 893, 724, 35, 868, 664], [764, 938, 137, 459, 246, 320, 478, 919, 435, 918, 277, 606, 929, 574, 506, 344, 751, 602, 586, 736, 221, 374, 746, 0, 576, 505, 270, 255, 1032, 917, 494, 522, 397, 43, 176, 277, 263, 877, 327, 865, 1063, 844, 402, 192, 987, 610, 1075, 739, 771, 659], [300, 432, 451, 662, 377, 511, 585, 609, 157, 360, 361, 639, 446, 393, 570, 302, 378, 591, 16, 163, 489, 207, 250, 576, 0, 454, 335, 407, 620, 493, 607, 433, 562, 565, 437, 376, 327, 446, 474, 338, 560, 269, 199, 461, 466, 644, 613, 224, 633, 429], [753, 879, 389, 249, 289, 206, 152, 426, 338, 626, 525, 186, 898, 759, 125, 528, 323, 144, 449, 535, 287, 347, 704, 505, 454, 0, 299, 259, 572, 480, 170, 31, 181, 466, 341, 251, 452, 899, 667, 536, 667, 658, 467, 314, 622, 191, 641, 676, 271, 180], [585, 746, 133, 393, 43, 216, 352, 672, 180, 656, 229, 458, 748, 498, 360, 245, 486, 432, 342, 486, 160, 131, 552, 270, 335, 299, 0, 84, 769, 651, 375, 303, 294, 247, 105, 63, 157, 720, 368, 597, 793, 602, 223, 126, 717, 463, 807, 535, 567, 416], [667, 826, 130, 312, 45, 134, 281, 664, 251, 708, 296, 396, 830, 579, 295, 323, 500, 378, 412, 550, 82, 210, 633, 255, 407, 259, 84, 0, 780, 668, 303, 271, 215, 221, 82, 32, 228, 803, 427, 641, 825, 670, 308, 68, 756, 401, 828, 615, 530, 405], [821, 835, 898, 794, 786, 774, 698, 190, 658, 401, 929, 628, 880, 1010, 659, 890, 283, 582, 604, 527, 837, 714, 764, 1032, 620, 572, 769, 780, 0, 128, 705, 544, 749, 1000, 857, 756, 869, 940, 1066, 330, 207, 571, 788, 847, 263, 629, 107, 729, 431, 392], [706, 735, 782, 717, 671, 675, 618, 195, 532, 311, 804, 567, 776, 884, 581, 764, 167, 517, 477, 408, 730, 589, 647, 917, 493, 480, 651, 668, 128, 0, 629, 450, 661, 887, 742, 642, 744, 830, 939, 225, 201, 466, 661, 736, 203, 570, 162, 612, 398, 303], [902, 1037, 413, 90, 346, 180, 23, 537, 473, 795, 599, 116, 1053, 869, 48, 620, 482, 134, 604, 701, 282, 464, 856, 494, 607, 170, 375, 303, 705, 629, 0, 200, 97, 451, 367, 313, 529, 1047, 729, 704, 823, 825, 582, 327, 785, 120, 785, 830, 321, 328], [733, 855, 402, 280, 297, 231, 183, 403, 325, 595, 526, 205, 875, 750, 154, 525, 292, 159, 428, 508, 307, 339, 683, 522, 433, 31, 303, 271, 544, 450, 200, 0, 211, 484, 354, 260, 453, 880, 669, 505, 636, 631, 459, 330, 591, 210, 612, 654, 263, 152], [849, 994, 319, 102, 260, 85, 81, 594, 417, 791, 511, 210, 1005, 791, 114, 538, 503, 214, 562, 674, 186, 397, 807, 397, 562, 181, 294, 215, 749, 661, 97, 211, 0, 354, 274, 231, 444, 991, 637, 706, 847, 799, 510, 232, 799, 214, 821, 784, 398, 359], [768, 941, 115, 416, 218, 277, 435, 883, 419, 901, 289, 563, 934, 592, 463, 353, 720, 560, 574, 723, 180, 360, 747, 43, 565, 466, 247, 221, 1000, 887, 451, 484, 354, 0, 146, 245, 264, 886, 355, 844, 1038, 834, 401, 155, 964, 567, 1046, 738, 731, 624], [672, 838, 49, 361, 72, 189, 348, 746, 284, 761, 248, 469, 837, 547, 366, 290, 576, 454, 445, 590, 93, 231, 643, 176, 437, 341, 105, 82, 857, 742, 367, 354, 274, 146, 0, 101, 190, 801, 365, 701, 892, 706, 301, 44, 819, 474, 901, 629, 611, 486], [639, 796, 145, 330, 38, 154, 291, 646, 220, 676, 287, 400, 801, 560, 300, 308, 475, 377, 381, 518, 114, 181, 603, 277, 376, 251, 63, 32, 756, 642, 313, 260, 231, 245, 101, 0, 216, 776, 423, 610, 796, 638, 284, 97, 726, 405, 801, 585, 521, 386], [503, 677, 171, 539, 184, 362, 507, 796, 214, 684, 73, 615, 669, 357, 516, 100, 589, 588, 340, 490, 281, 155, 484, 263, 327, 452, 157, 228, 869, 744, 529, 453, 444, 264, 190, 216, 0, 623, 217, 646, 859, 589, 140, 233, 773, 620, 891, 477, 715, 548], [146, 147, 792, 1093, 763, 927, 1024, 996, 575, 550, 601, 1085, 99, 345, 1013, 533, 776, 1038, 453, 431, 878, 597, 200, 877, 446, 899, 720, 803, 940, 830, 1047, 880, 991, 886, 801, 776, 623, 0, 610, 610, 794, 370, 500, 837, 699, 1090, 889, 233, 1068, 865], [531, 705, 324, 725, 387, 553, 708, 1006, 409, 830, 145, 822, 683, 273, 722, 176, 792, 799, 489, 628, 457, 359, 535, 327, 474, 667, 368, 427, 1066, 939, 729, 669, 637, 355, 365, 423, 217, 610, 0, 811, 1032, 700, 281, 408, 940, 828, 1077, 543, 931, 763], [493, 510, 730, 785, 629, 693, 688, 409, 436, 99, 691, 677, 552, 705, 657, 637, 244, 624, 322, 207, 717, 498, 436, 865, 338, 536, 597, 641, 330, 225, 704, 505, 706, 844, 701, 610, 646, 610, 811, 0, 223, 242, 533, 708, 129, 681, 291, 401, 560, 395], [694, 673, 927, 910, 820, 852, 811, 375, 646, 246, 909, 767, 721, 925, 775, 857, 344, 716, 544, 426, 894, 708, 640, 1063, 560, 667, 793, 825, 207, 201, 823, 636, 847, 1038, 892, 796, 859, 794, 1032, 223, 0, 428, 753, 893, 99, 769, 110, 608, 597, 495], [267, 269, 720, 893, 643, 761, 805, 644, 422, 182, 611, 829, 310, 527, 782, 544, 443, 776, 261, 125, 752, 476, 216, 844, 269, 658, 602, 670, 571, 466, 825, 631, 799, 834, 706, 638, 589, 370, 700, 242, 428, 0, 452, 727, 331, 833, 519, 188, 758, 566], [371, 541, 297, 612, 265, 438, 559, 743, 144, 559, 162, 647, 537, 292, 558, 105, 520, 611, 213, 360, 379, 121, 347, 402, 199, 467, 223, 308, 788, 661, 582, 459, 510, 401, 301, 284, 140, 500, 281, 533, 753, 452, 0, 337, 661, 653, 796, 338, 705, 517], [706, 870, 86, 318, 84, 147, 308, 728, 305, 772, 291, 431, 870, 589, 329, 332, 569, 420, 467, 609, 50, 256, 675, 192, 461, 314, 126, 68, 847, 736, 327, 330, 232, 155, 44, 97, 233, 837, 408, 708, 893, 727, 337, 0, 823, 436, 896, 660, 583, 469], [596, 583, 851, 870, 747, 795, 771, 397, 562, 149, 820, 742, 630, 827, 737, 766, 304, 689, 451, 327, 829, 624, 541, 987, 466, 622, 717, 756, 263, 203, 785, 591, 799, 964, 819, 726, 773, 699, 940, 129, 99, 331, 661, 823, 0, 745, 190, 509, 593, 461], [944, 1065, 521, 192, 441, 292, 133, 449, 529, 777, 692, 5, 1085, 944, 107, 704, 443, 58, 638, 713, 394, 532, 893, 610, 644, 191, 463, 401, 629, 570, 120, 210, 214, 567, 474, 405, 620, 1090, 828, 681, 769, 833, 653, 436, 745, 0, 718, 865, 216, 287], [780, 773, 939, 874, 829, 837, 776, 293, 677, 339, 946, 717, 820, 994, 738, 901, 328, 668, 597, 497, 891, 736, 724, 1075, 613, 641, 807, 828, 107, 162, 785, 612, 821, 1046, 901, 801, 891, 889, 1077, 291, 110, 519, 796, 896, 190, 718, 0, 691, 529, 462], [94, 212, 632, 884, 579, 728, 808, 768, 369, 364, 479, 860, 222, 343, 794, 408, 545, 811, 227, 205, 694, 405, 35, 739, 224, 676, 535, 615, 729, 612, 830, 654, 784, 738, 629, 585, 477, 233, 543, 401, 608, 188, 338, 660, 509, 865, 691, 0, 835, 632], [924, 1015, 660, 404, 559, 457, 324, 244, 563, 660, 787, 216, 1044, 991, 286, 781, 319, 187, 623, 651, 551, 590, 868, 771, 633, 271, 567, 530, 431, 398, 321, 263, 398, 731, 611, 521, 715, 1068, 931, 560, 597, 758, 705, 583, 593, 216, 529, 835, 0, 204], [720, 816, 531, 415, 421, 382, 316, 260, 372, 492, 618, 283, 843, 795, 280, 601, 157, 230, 419, 453, 452, 408, 664, 659, 429, 180, 416, 405, 392, 303, 328, 152, 359, 624, 486, 386, 548, 865, 763, 395, 495, 566, 517, 469, 461, 287, 462, 632, 204, 0]]}