{"n": 50, "m": 50, "facilities": [{"i": 0, "x": 169, "y": 558}, {"i": 1, "x": 43, "y": 342}, {"i": 2, "x": 77, "y": 121}, {"i": 3, "x": 215, "y": 839}, {"i": 4, "x": 916, "y": 990}, {"i": 5, "x": 338, "y": 22}, {"i": 6, "x": 33, "y": 588}, {"i": 7, "x": 291, "y": 883}, {"i": 8, "x": 675, "y": 9}, {"i": 9, "x": 459, "y": 40}, {"i": 10, "x": 487, "y": 242}, {"i": 11, "x": 271, "y": 831}, {"i": 12, "x": 179, "y": 318}, {"i": 13, "x": 674, "y": 373}, {"i": 14, "x": 923, "y": 382}, {"i": 15, "x": 70, "y": 103}, {"i": 16, "x": 51, "y": 217}, {"i": 17, "x": 109, "y": 186}, {"i": 18, "x": 584, "y": 208}, {"i": 19, "x": 229, "y": 581}, {"i": 20, "x": 712, "y": 613}, {"i": 21, "x": 800, "y": 680}, {"i": 22, "x": 305, "y": 982}, {"i": 23, "x": 682, "y": 712}, {"i": 24, "x": 530, "y": 389}, {"i": 25, "x": 92, "y": 691}, {"i": 26, "x": 55, "y": 101}, {"i": 27, "x": 878, "y": 321}, {"i": 28, "x": 678, "y": 534}, {"i": 29, "x": 444, "y": 782}, {"i": 30, "x": 587, "y": 755}, {"i": 31, "x": 696, "y": 671}, {"i": 32, "x": 936, "y": 918}, {"i": 33, "x": 178, "y": 916}, {"i": 34, "x": 465, "y": 222}, {"i": 35, "x": 127, "y": 529}, {"i": 36, "x": 967, "y": 533}, {"i": 37, "x": 402, "y": 715}, {"i": 38, "x": 56, "y": 679}, {"i": 39, "x": 145, "y": 885}, {"i": 40, "x": 731, "y": 79}, {"i": 41, "x": 419, "y": 29}, {"i": 42, "x": 993, "y": 292}, {"i": 43, "x": 912, "y": 926}, {"i": 44, "x": 116, "y": 16}, {"i": 45, "x": 613, "y": 941}, {"i": 46, "x": 553, "y": 920}, {"i": 47, "x": 226, "y": 440}, {"i": 48, "x": 512, "y": 806}, {"i": 49, "x": 33, "y": 442}], "users": [{"i": 0, "x": 207, "y": 774}, {"i": 1, "x": 631, "y": 394}, {"i": 2, "x": 213, "y": 885}, {"i": 3, "x": 828, "y": 377}, {"i": 4, "x": 772, "y": 308}, {"i": 5, "x": 258, "y": 749}, {"i": 6, "x": 21, "y": 324}, {"i": 7, "x": 807, "y": 479}, {"i": 8, "x": 895, "y": 479}, {"i": 9, "x": 22, "y": 319}, {"i": 10, "x": 804, "y": 315}, {"i": 11, "x": 441, "y": 556}, {"i": 12, "x": 669, "y": 868}, {"i": 13, "x": 376, "y": 573}, {"i": 14, "x": 361, "y": 953}, {"i": 15, "x": 670, "y": 589}, {"i": 16, "x": 251, "y": 383}, {"i": 17, "x": 946, "y": 975}, {"i": 18, "x": 577, "y": 193}, {"i": 19, "x": 987, "y": 189}, {"i": 20, "x": 666, "y": 890}, {"i": 21, "x": 579, "y": 89}, {"i": 22, "x": 642, "y": 72}, {"i": 23, "x": 794, "y": 798}, {"i": 24, "x": 659, "y": 927}, {"i": 25, "x": 9, "y": 300}, {"i": 26, "x": 268, "y": 398}, {"i": 27, "x": 798, "y": 768}, {"i": 28, "x": 704, "y": 779}, {"i": 29, "x": 966, "y": 614}, {"i": 30, "x": 239, "y": 81}, {"i": 31, "x": 397, "y": 552}, {"i": 32, "x": 953, "y": 958}, {"i": 33, "x": 955, "y": 870}, {"i": 34, "x": 921, "y": 542}, {"i": 35, "x": 902, "y": 300}, {"i": 36, "x": 349, "y": 578}, {"i": 37, "x": 964, "y": 760}, {"i": 38, "x": 631, "y": 837}, {"i": 39, "x": 56, "y": 377}, {"i": 40, "x": 995, "y": 36}, {"i": 41, "x": 8, "y": 663}, {"i": 42, "x": 510, "y": 559}, {"i": 43, "x": 416, "y": 244}, {"i": 44, "x": 590, "y": 881}, {"i": 45, "x": 915, "y": 208}, {"i": 46, "x": 803, "y": 784}, {"i": 47, "x": 363, "y": 311}, {"i": 48, "x": 724, "y": 747}, {"i": 49, "x": 163, "y": 634}], "distances": [[219, 462, 666, 65, 741, 763, 255, 138, 897, 776, 601, 86, 457, 616, 816, 685, 578, 596, 680, 194, 530, 600, 230, 479, 503, 142, 690, 810, 529, 237, 380, 500, 743, 145, 609, 258, 797, 204, 178, 127, 870, 775, 922, 721, 763, 439, 376, 335, 307, 375], [490, 590, 618, 609, 661, 474, 629, 596, 388, 394, 209, 566, 458, 48, 292, 632, 606, 562, 192, 443, 233, 332, 672, 322, 101, 615, 646, 258, 148, 431, 364, 285, 606, 691, 239, 522, 364, 394, 642, 691, 330, 422, 376, 602, 639, 547, 532, 408, 429, 600], [330, 569, 776, 46, 711, 872, 347, 78, 990, 880, 699, 79, 568, 689, 870, 795, 687, 707, 772, 304, 568, 622, 134, 500, 589, 229, 800, 872, 583, 253, 396, 528, 724, 47, 709, 366, 832, 254, 259, 68, 958, 880, 980, 700, 874, 404, 342, 445, 309, 478], [683, 786, 793, 768, 619, 605, 823, 738, 399, 500, 367, 719, 652, 154, 95, 806, 793, 744, 297, 633, 263, 304, 800, 365, 298, 800, 821, 75, 217, 558, 448, 322, 552, 844, 395, 717, 209, 544, 829, 851, 313, 537, 186, 555, 798, 604, 609, 605, 533, 798], [653, 730, 720, 770, 697, 520, 790, 750, 314, 412, 293, 724, 593, 118, 168, 731, 727, 674, 213, 608, 311, 373, 820, 414, 255, 780, 746, 107, 245, 576, 484, 371, 632, 850, 319, 682, 298, 550, 806, 852, 233, 450, 222, 634, 718, 653, 650, 562, 562, 751], [211, 460, 654, 100, 701, 731, 277, 138, 849, 737, 556, 83, 438, 561, 760, 673, 571, 582, 632, 170, 474, 546, 238, 426, 451, 176, 679, 753, 472, 189, 329, 445, 699, 185, 566, 256, 741, 148, 214, 177, 820, 738, 865, 678, 747, 404, 341, 311, 260, 381], [277, 28, 211, 550, 1116, 438, 264, 621, 726, 522, 473, 565, 158, 655, 904, 226, 111, 164, 575, 331, 749, 856, 717, 766, 513, 374, 226, 857, 690, 623, 711, 759, 1091, 612, 456, 231, 969, 546, 357, 575, 751, 495, 973, 1075, 322, 855, 799, 236, 688, 119], [643, 776, 813, 693, 522, 655, 782, 655, 488, 560, 398, 641, 648, 170, 151, 827, 800, 757, 351, 587, 164, 201, 711, 264, 291, 746, 842, 173, 140, 473, 353, 222, 458, 766, 428, 682, 169, 469, 777, 777, 407, 594, 264, 459, 832, 501, 509, 582, 440, 775], [730, 863, 893, 769, 511, 720, 869, 727, 519, 619, 472, 716, 734, 245, 101, 907, 884, 839, 413, 674, 227, 222, 775, 316, 376, 831, 921, 159, 224, 543, 414, 277, 441, 840, 501, 770, 90, 547, 863, 853, 432, 655, 211, 447, 906, 541, 558, 670, 504, 863], [281, 31, 205, 555, 1118, 434, 269, 625, 723, 518, 471, 569, 157, 654, 903, 221, 106, 159, 573, 334, 750, 858, 721, 768, 513, 379, 220, 856, 690, 626, 714, 760, 1093, 617, 453, 235, 969, 549, 362, 579, 749, 492, 971, 1077, 317, 858, 802, 237, 691, 123], [680, 761, 752, 788, 684, 550, 818, 765, 332, 441, 325, 742, 625, 142, 137, 764, 759, 707, 245, 634, 312, 365, 833, 415, 284, 805, 779, 74, 253, 590, 491, 372, 617, 868, 352, 710, 272, 567, 832, 871, 247, 480, 190, 620, 750, 654, 655, 591, 571, 781], [272, 452, 567, 362, 643, 544, 409, 360, 595, 516, 317, 323, 354, 296, 512, 586, 517, 497, 376, 213, 277, 380, 447, 287, 189, 374, 597, 496, 238, 226, 247, 280, 613, 446, 335, 315, 527, 164, 404, 443, 558, 527, 612, 599, 630, 422, 381, 244, 260, 424], [588, 818, 953, 455, 275, 908, 695, 378, 859, 854, 652, 400, 737, 495, 548, 972, 898, 882, 665, 525, 259, 229, 381, 157, 499, 604, 982, 586, 334, 241, 140, 199, 272, 493, 677, 639, 448, 308, 641, 524, 791, 875, 661, 250, 1016, 92, 127, 616, 169, 765], [208, 405, 542, 311, 682, 552, 343, 321, 638, 539, 349, 279, 322, 359, 579, 561, 482, 470, 420, 147, 338, 437, 415, 336, 240, 308, 571, 562, 305, 220, 279, 335, 658, 396, 362, 253, 592, 144, 337, 388, 608, 546, 678, 642, 615, 438, 390, 200, 270, 367], [439, 689, 879, 185, 556, 931, 491, 99, 995, 918, 722, 152, 661, 659, 801, 898, 799, 807, 778, 395, 489, 517, 63, 401, 589, 376, 905, 817, 525, 190, 300, 438, 576, 187, 738, 484, 737, 242, 410, 226, 949, 926, 915, 552, 969, 252, 195, 530, 211, 607], [502, 674, 755, 519, 470, 657, 637, 480, 580, 588, 392, 467, 561, 216, 327, 772, 722, 691, 391, 441, 48, 159, 536, 124, 244, 587, 785, 339, 56, 297, 186, 86, 423, 591, 420, 546, 302, 296, 621, 603, 514, 614, 439, 415, 797, 357, 351, 468, 268, 654], [193, 212, 315, 457, 900, 371, 299, 502, 565, 401, 275, 448, 97, 423, 672, 333, 260, 243, 376, 199, 515, 624, 601, 542, 279, 347, 343, 630, 453, 443, 501, 530, 869, 538, 268, 192, 732, 365, 354, 513, 568, 392, 748, 855, 391, 665, 616, 62, 497, 226], [882, 1103, 1218, 744, 34, 1130, 992, 661, 1003, 1054, 865, 690, 1010, 661, 593, 1236, 1173, 1150, 848, 818, 431, 329, 641, 373, 719, 900, 1248, 658, 516, 538, 421, 394, 58, 770, 894, 933, 442, 603, 938, 806, 921, 1083, 685, 60, 1268, 335, 397, 897, 466, 1057], [547, 554, 505, 741, 866, 294, 672, 747, 208, 193, 102, 708, 417, 204, 394, 515, 527, 468, 17, 521, 441, 536, 835, 530, 202, 695, 530, 327, 356, 604, 562, 493, 809, 826, 116, 562, 517, 551, 712, 816, 192, 228, 428, 806, 494, 749, 727, 429, 616, 598], [897, 956, 913, 1009, 804, 670, 1034, 983, 360, 549, 503, 962, 818, 363, 203, 921, 936, 878, 403, 853, 505, 525, 1046, 605, 499, 1026, 936, 171, 463, 804, 693, 563, 731, 1088, 523, 925, 345, 787, 1052, 1092, 279, 590, 103, 741, 888, 840, 850, 801, 779, 987], [598, 830, 969, 454, 269, 928, 701, 375, 881, 875, 672, 399, 751, 517, 569, 987, 912, 898, 687, 535, 281, 249, 373, 179, 519, 608, 998, 607, 356, 247, 156, 221, 271, 489, 698, 649, 467, 317, 645, 521, 814, 896, 682, 249, 1033, 74, 117, 629, 175, 775], [623, 593, 503, 834, 962, 250, 740, 845, 125, 130, 179, 803, 461, 299, 452, 509, 543, 480, 119, 604, 541, 631, 934, 631, 304, 774, 524, 378, 456, 706, 666, 594, 903, 919, 175, 631, 590, 651, 788, 907, 152, 171, 461, 901, 469, 853, 831, 498, 720, 650], [678, 657, 567, 878, 958, 308, 798, 884, 71, 186, 230, 845, 524, 303, 418, 573, 609, 545, 148, 655, 546, 628, 970, 641, 336, 828, 588, 343, 463, 737, 685, 601, 896, 963, 232, 689, 564, 686, 844, 953, 89, 227, 414, 896, 529, 869, 853, 555, 745, 713], [669, 879, 986, 580, 227, 900, 789, 510, 798, 829, 635, 524, 780, 442, 436, 1004, 943, 919, 626, 605, 202, 118, 522, 141, 487, 710, 1016, 484, 288, 350, 211, 160, 186, 627, 663, 719, 316, 401, 748, 655, 722, 856, 544, 174, 1035, 231, 270, 671, 282, 840], [613, 850, 994, 453, 265, 960, 712, 371, 918, 909, 706, 400, 775, 554, 606, 1013, 935, 923, 723, 552, 318, 284, 358, 216, 553, 614, 1023, 644, 393, 259, 186, 259, 277, 481, 731, 664, 500, 333, 652, 516, 851, 930, 717, 253, 1061, 48, 106, 652, 190, 792], [304, 54, 191, 577, 1140, 431, 289, 648, 727, 520, 482, 592, 171, 669, 918, 206, 93, 152, 582, 357, 770, 878, 743, 789, 529, 400, 204, 869, 709, 649, 736, 781, 1114, 639, 463, 258, 986, 572, 382, 601, 755, 491, 984, 1099, 303, 881, 825, 258, 713, 144], [188, 232, 336, 444, 878, 382, 302, 486, 563, 406, 269, 433, 120, 407, 655, 355, 283, 265, 369, 187, 493, 602, 585, 520, 262, 342, 365, 615, 432, 422, 479, 508, 847, 526, 264, 192, 712, 344, 352, 502, 562, 399, 733, 833, 411, 643, 595, 59, 475, 239], [663, 867, 969, 587, 251, 876, 786, 520, 769, 803, 611, 531, 765, 414, 406, 986, 928, 902, 599, 599, 177, 88, 537, 129, 464, 710, 998, 454, 263, 354, 211, 141, 204, 637, 640, 712, 289, 400, 747, 663, 692, 831, 514, 195, 1015, 253, 288, 659, 289, 832], [579, 792, 909, 493, 299, 841, 698, 426, 771, 779, 579, 436, 699, 407, 453, 927, 862, 840, 583, 515, 166, 138, 448, 71, 427, 618, 939, 490, 246, 260, 119, 108, 270, 544, 606, 629, 360, 309, 656, 569, 701, 802, 566, 255, 963, 186, 207, 586, 194, 751], [799, 962, 1017, 784, 379, 863, 933, 727, 671, 766, 606, 728, 841, 379, 236, 1031, 997, 958, 557, 738, 254, 179, 757, 300, 491, 877, 1046, 306, 299, 548, 404, 276, 305, 844, 636, 843, 81, 573, 912, 865, 584, 801, 323, 317, 1039, 481, 514, 760, 493, 949], [482, 326, 167, 758, 1133, 115, 547, 804, 442, 224, 296, 751, 244, 524, 747, 170, 232, 167, 368, 500, 712, 821, 903, 771, 424, 627, 185, 683, 631, 730, 759, 746, 1089, 837, 266, 462, 857, 655, 625, 809, 492, 187, 783, 1080, 139, 938, 896, 359, 775, 416], [228, 412, 537, 340, 679, 533, 366, 348, 610, 516, 323, 306, 320, 330, 553, 555, 482, 466, 392, 170, 321, 423, 440, 327, 210, 335, 566, 534, 282, 235, 278, 322, 652, 425, 337, 271, 570, 163, 364, 418, 579, 523, 650, 636, 605, 445, 400, 204, 279, 380], [880, 1099, 1212, 748, 49, 1120, 992, 666, 989, 1042, 854, 694, 1004, 648, 577, 1229, 1167, 1144, 836, 816, 421, 317, 648, 366, 709, 901, 1241, 641, 505, 539, 419, 385, 43, 776, 883, 931, 425, 602, 939, 811, 907, 1072, 667, 52, 1260, 340, 402, 893, 466, 1055], [846, 1054, 1154, 741, 126, 1049, 964, 664, 905, 967, 783, 685, 952, 571, 489, 1171, 1115, 1088, 759, 781, 354, 245, 660, 315, 642, 881, 1184, 554, 435, 519, 386, 327, 52, 778, 812, 895, 337, 574, 919, 810, 822, 997, 579, 71, 1197, 349, 405, 846, 448, 1016], [752, 900, 943, 766, 448, 781, 889, 716, 587, 682, 528, 711, 775, 299, 160, 958, 929, 887, 474, 693, 221, 184, 757, 293, 420, 842, 972, 225, 243, 534, 396, 259, 376, 832, 557, 794, 47, 547, 876, 848, 500, 718, 260, 384, 962, 504, 528, 702, 487, 894], [777, 860, 844, 873, 690, 629, 915, 845, 369, 514, 419, 825, 723, 239, 85, 855, 855, 801, 331, 729, 366, 393, 906, 467, 382, 899, 870, 32, 324, 665, 553, 424, 619, 951, 444, 808, 242, 650, 927, 957, 279, 554, 91, 626, 836, 703, 711, 690, 639, 881], [181, 386, 532, 293, 701, 556, 316, 310, 656, 549, 363, 265, 311, 384, 607, 551, 468, 460, 438, 120, 365, 462, 406, 359, 262, 281, 560, 588, 332, 225, 297, 359, 678, 379, 374, 227, 620, 147, 310, 369, 628, 553, 705, 662, 608, 449, 398, 185, 280, 344], [820, 1011, 1093, 753, 235, 968, 947, 684, 805, 879, 704, 697, 901, 484, 380, 1109, 1062, 1030, 670, 756, 292, 182, 695, 286, 571, 875, 1123, 447, 365, 520, 377, 282, 160, 801, 734, 868, 227, 564, 912, 828, 720, 912, 469, 174, 1128, 395, 441, 804, 454, 984], [540, 769, 905, 416, 323, 866, 648, 343, 829, 815, 612, 360, 688, 466, 541, 924, 849, 834, 631, 477, 238, 231, 357, 135, 459, 558, 935, 572, 307, 195, 93, 178, 316, 460, 637, 591, 453, 259, 596, 488, 765, 835, 654, 295, 969, 106, 114, 567, 123, 717], [213, 37, 257, 489, 1056, 453, 212, 558, 720, 525, 452, 502, 136, 618, 867, 274, 160, 198, 554, 267, 697, 803, 654, 710, 474, 316, 276, 824, 642, 561, 652, 704, 1033, 553, 437, 168, 924, 484, 302, 516, 738, 503, 941, 1017, 366, 793, 736, 181, 626, 69], [977, 1000, 922, 1119, 957, 657, 1109, 1101, 321, 536, 548, 1075, 863, 465, 353, 927, 961, 899, 446, 940, 643, 673, 1171, 745, 584, 1116, 942, 308, 590, 927, 827, 702, 884, 1201, 562, 998, 498, 901, 1138, 1201, 267, 576, 256, 894, 879, 982, 988, 869, 909, 1044], [192, 323, 546, 272, 965, 721, 79, 358, 934, 769, 638, 312, 385, 726, 957, 563, 448, 488, 734, 236, 706, 792, 436, 676, 590, 89, 564, 935, 682, 452, 586, 688, 962, 305, 635, 179, 968, 397, 51, 261, 929, 756, 1053, 941, 656, 666, 603, 312, 524, 222], [341, 515, 616, 407, 592, 564, 478, 391, 574, 521, 318, 362, 409, 248, 449, 634, 572, 548, 359, 282, 209, 314, 470, 230, 171, 438, 646, 438, 170, 233, 211, 217, 557, 488, 340, 384, 458, 190, 470, 489, 528, 538, 552, 544, 671, 396, 364, 308, 247, 491], [400, 386, 361, 628, 898, 235, 515, 651, 350, 208, 71, 605, 248, 288, 525, 374, 366, 312, 172, 385, 473, 581, 746, 538, 184, 552, 388, 468, 391, 539, 539, 511, 851, 713, 54, 406, 622, 471, 565, 696, 356, 215, 579, 843, 377, 724, 690, 273, 570, 431], [531, 768, 917, 377, 344, 895, 629, 299, 876, 851, 647, 323, 697, 515, 600, 936, 855, 845, 673, 469, 294, 291, 302, 192, 496, 533, 946, 630, 358, 176, 126, 235, 348, 413, 671, 582, 513, 251, 571, 445, 814, 869, 714, 325, 986, 64, 54, 572, 108, 709], [824, 882, 843, 942, 782, 606, 960, 919, 312, 486, 429, 896, 744, 292, 174, 851, 864, 806, 331, 781, 453, 486, 985, 555, 425, 954, 867, 119, 403, 743, 638, 512, 710, 1022, 450, 851, 329, 721, 980, 1025, 225, 527, 115, 718, 822, 793, 799, 727, 721, 913], [673, 879, 983, 591, 235, 893, 795, 521, 785, 820, 627, 534, 779, 431, 420, 1001, 942, 916, 616, 609, 194, 104, 536, 141, 480, 717, 1013, 469, 280, 359, 218, 156, 189, 639, 656, 722, 300, 407, 754, 666, 709, 847, 527, 179, 1030, 246, 285, 672, 292, 843], [314, 321, 343, 548, 876, 290, 431, 577, 434, 288, 142, 528, 184, 317, 564, 359, 326, 283, 244, 301, 462, 572, 674, 512, 184, 467, 373, 515, 386, 478, 497, 490, 835, 633, 135, 321, 644, 406, 479, 614, 435, 288, 630, 824, 385, 678, 638, 188, 517, 355], [586, 792, 900, 517, 310, 821, 709, 454, 740, 755, 558, 461, 694, 377, 416, 918, 857, 832, 557, 522, 135, 101, 480, 55, 407, 634, 930, 453, 218, 282, 137, 81, 272, 572, 585, 636, 324, 324, 671, 595, 668, 780, 529, 260, 951, 224, 243, 585, 220, 755], [76, 316, 520, 211, 833, 637, 138, 280, 808, 664, 509, 225, 316, 574, 801, 539, 432, 451, 599, 85, 549, 639, 376, 525, 441, 91, 544, 781, 525, 318, 441, 534, 824, 282, 511, 111, 810, 252, 116, 252, 794, 657, 898, 804, 620, 545, 484, 204, 389, 232]], "facilities_distances": [[0, 250, 447, 285, 863, 562, 139, 347, 747, 594, 448, 291, 240, 538, 774, 466, 361, 377, 543, 64, 546, 643, 445, 536, 399, 154, 471, 748, 510, 355, 462, 539, 847, 358, 448, 51, 798, 281, 166, 328, 738, 585, 866, 829, 545, 586, 528, 131, 423, 179], [250, 0, 224, 526, 1087, 435, 246, 595, 714, 514, 455, 540, 138, 632, 881, 241, 125, 169, 557, 303, 722, 829, 692, 738, 489, 352, 241, 835, 663, 595, 683, 731, 1063, 590, 439, 205, 944, 518, 337, 552, 737, 489, 951, 1047, 334, 827, 771, 208, 660, 100], [447, 224, 0, 731, 1208, 279, 469, 791, 608, 390, 427, 736, 222, 648, 885, 19, 99, 72, 514, 484, 803, 914, 891, 846, 526, 570, 30, 826, 729, 756, 814, 828, 1172, 801, 401, 411, 981, 677, 558, 767, 655, 354, 932, 1160, 112, 980, 930, 352, 811, 324], [285, 526, 731, 0, 717, 826, 310, 88, 949, 835, 656, 57, 522, 654, 843, 750, 643, 662, 731, 258, 546, 606, 169, 484, 549, 192, 755, 841, 554, 236, 381, 509, 725, 85, 666, 322, 812, 224, 226, 84, 919, 835, 951, 702, 829, 411, 348, 399, 299, 437], [863, 1087, 1208, 717, 0, 1127, 970, 634, 1010, 1054, 862, 664, 997, 663, 608, 1226, 1160, 1139, 850, 800, 429, 331, 611, 363, 714, 877, 1238, 670, 514, 516, 404, 388, 75, 742, 891, 914, 460, 583, 915, 778, 930, 1082, 702, 64, 1260, 307, 370, 882, 444, 1039], [562, 435, 279, 826, 1127, 0, 643, 862, 337, 122, 266, 812, 336, 486, 687, 280, 347, 282, 308, 570, 699, 804, 961, 771, 414, 713, 294, 617, 615, 767, 774, 741, 1077, 908, 237, 549, 810, 696, 715, 884, 397, 81, 708, 1071, 222, 959, 923, 433, 803, 519], [139, 246, 469, 310, 970, 643, 0, 392, 865, 694, 571, 340, 307, 676, 914, 486, 371, 409, 669, 196, 679, 772, 479, 661, 535, 119, 487, 886, 647, 454, 579, 668, 961, 359, 566, 111, 936, 390, 94, 317, 864, 679, 1005, 942, 578, 679, 617, 243, 526, 146], [347, 595, 791, 88, 634, 862, 392, 0, 955, 860, 670, 56, 576, 638, 806, 811, 708, 720, 736, 308, 500, 548, 100, 427, 549, 277, 817, 813, 521, 183, 322, 457, 646, 118, 684, 390, 761, 201, 311, 146, 917, 864, 918, 622, 884, 327, 265, 448, 234, 511], [747, 714, 608, 949, 1010, 337, 865, 955, 0, 218, 299, 916, 584, 364, 448, 612, 658, 593, 219, 725, 605, 683, 1041, 703, 407, 897, 627, 372, 525, 807, 751, 662, 946, 1034, 299, 755, 600, 757, 912, 1024, 90, 257, 426, 947, 559, 934, 919, 622, 813, 774], [594, 514, 390, 835, 1054, 122, 694, 860, 218, 0, 204, 813, 395, 396, 576, 394, 445, 379, 209, 588, 626, 725, 955, 708, 356, 747, 409, 505, 540, 742, 726, 674, 999, 920, 182, 591, 708, 677, 755, 901, 275, 41, 590, 995, 344, 914, 885, 463, 768, 586], [448, 455, 427, 656, 862, 266, 571, 670, 299, 204, 0, 627, 317, 228, 458, 440, 437, 382, 103, 426, 434, 538, 762, 509, 153, 598, 454, 399, 349, 542, 523, 477, 812, 741, 30, 460, 561, 481, 614, 728, 293, 224, 508, 805, 434, 710, 681, 328, 565, 496], [291, 540, 736, 57, 664, 812, 340, 56, 916, 813, 627, 0, 521, 610, 792, 755, 652, 665, 697, 254, 492, 550, 155, 428, 512, 227, 761, 793, 504, 180, 325, 454, 671, 126, 639, 335, 757, 175, 263, 137, 882, 816, 901, 648, 830, 359, 296, 394, 242, 456], [240, 138, 222, 522, 997, 336, 307, 576, 584, 395, 317, 521, 0, 498, 747, 241, 163, 149, 420, 268, 609, 719, 676, 639, 358, 383, 250, 699, 544, 534, 598, 626, 966, 598, 302, 217, 817, 455, 381, 568, 602, 376, 814, 952, 309, 759, 709, 131, 591, 192], [538, 632, 648, 654, 663, 486, 676, 638, 364, 396, 228, 610, 498, 0, 249, 662, 642, 595, 188, 491, 243, 332, 712, 339, 145, 663, 676, 211, 161, 469, 392, 299, 605, 735, 258, 569, 334, 437, 690, 736, 299, 428, 329, 602, 662, 571, 560, 453, 462, 645], [774, 881, 885, 843, 608, 687, 914, 806, 448, 576, 458, 792, 747, 249, 0, 897, 887, 837, 381, 722, 313, 322, 861, 409, 393, 887, 912, 76, 288, 624, 502, 367, 536, 917, 485, 809, 157, 618, 916, 926, 359, 615, 114, 544, 886, 639, 653, 699, 591, 892], [466, 241, 19, 750, 1226, 280, 486, 811, 612, 394, 440, 755, 241, 662, 897, 0, 116, 92, 525, 504, 820, 930, 910, 863, 542, 588, 15, 837, 745, 775, 832, 845, 1189, 820, 413, 430, 995, 696, 576, 786, 661, 357, 942, 1177, 98, 999, 949, 371, 830, 341], [361, 125, 99, 643, 1160, 347, 371, 708, 658, 445, 437, 652, 163, 642, 887, 116, 0, 66, 533, 405, 771, 881, 806, 802, 509, 476, 116, 834, 703, 688, 759, 789, 1129, 710, 414, 321, 969, 609, 462, 675, 694, 413, 945, 1115, 211, 917, 864, 283, 748, 226], [377, 169, 72, 662, 1139, 282, 409, 720, 593, 379, 382, 665, 149, 595, 837, 92, 66, 0, 476, 413, 739, 849, 820, 778, 467, 505, 101, 781, 667, 684, 743, 761, 1104, 733, 358, 343, 926, 605, 496, 700, 631, 347, 890, 1092, 170, 908, 858, 280, 739, 267], [543, 557, 514, 731, 850, 308, 669, 736, 219, 209, 103, 697, 420, 188, 381, 525, 533, 476, 0, 515, 425, 519, 823, 513, 189, 689, 540, 315, 339, 591, 547, 476, 792, 816, 120, 558, 502, 539, 708, 807, 196, 243, 418, 789, 506, 734, 713, 427, 602, 599], [64, 303, 484, 258, 800, 570, 196, 308, 725, 588, 426, 254, 268, 491, 722, 504, 405, 413, 515, 0, 484, 580, 408, 472, 357, 176, 511, 699, 451, 294, 398, 476, 783, 339, 430, 114, 740, 219, 199, 315, 710, 584, 817, 765, 576, 526, 469, 141, 362, 240], [546, 722, 803, 546, 429, 699, 679, 500, 605, 626, 434, 492, 609, 243, 313, 820, 771, 739, 425, 484, 0, 111, 549, 103, 289, 625, 833, 336, 86, 317, 189, 60, 378, 614, 462, 591, 267, 326, 659, 629, 534, 653, 427, 371, 844, 343, 346, 516, 278, 700], [643, 829, 914, 606, 331, 804, 772, 548, 683, 725, 538, 550, 719, 332, 322, 930, 881, 849, 519, 580, 111, 0, 580, 122, 397, 708, 944, 367, 190, 370, 226, 104, 274, 665, 567, 690, 222, 400, 744, 686, 605, 754, 433, 270, 953, 321, 344, 622, 314, 803], [445, 692, 891, 169, 611, 961, 479, 100, 1041, 955, 762, 155, 676, 712, 861, 910, 806, 820, 823, 408, 549, 580, 0, 464, 634, 361, 916, 875, 583, 244, 362, 500, 634, 143, 777, 487, 800, 284, 392, 187, 998, 960, 974, 610, 984, 311, 256, 548, 272, 605], [536, 738, 846, 484, 363, 771, 661, 427, 703, 708, 509, 428, 639, 339, 409, 863, 802, 778, 513, 472, 103, 122, 464, 0, 357, 590, 875, 437, 178, 248, 104, 43, 327, 544, 536, 584, 337, 280, 627, 564, 635, 732, 523, 314, 897, 239, 245, 531, 194, 703], [399, 489, 526, 549, 714, 414, 535, 549, 407, 356, 153, 512, 358, 145, 393, 542, 509, 467, 189, 357, 289, 397, 634, 357, 0, 532, 555, 355, 207, 402, 370, 327, 667, 634, 179, 427, 460, 350, 556, 628, 369, 377, 473, 659, 557, 558, 531, 308, 417, 500], [154, 352, 570, 192, 877, 713, 119, 277, 897, 747, 598, 227, 383, 663, 887, 588, 476, 505, 689, 176, 625, 708, 361, 590, 532, 0, 591, 869, 607, 364, 499, 604, 874, 241, 599, 166, 889, 311, 38, 201, 885, 738, 985, 853, 675, 578, 515, 285, 435, 256], [471, 241, 30, 755, 1238, 294, 487, 817, 627, 409, 454, 761, 250, 676, 912, 15, 116, 101, 540, 511, 833, 944, 916, 875, 555, 591, 0, 852, 759, 784, 843, 858, 1202, 824, 427, 434, 1009, 705, 578, 789, 676, 371, 957, 1190, 105, 1008, 959, 380, 840, 342], [748, 835, 826, 841, 670, 617, 886, 813, 372, 505, 399, 793, 699, 211, 76, 837, 834, 781, 315, 699, 336, 367, 875, 437, 355, 869, 852, 0, 292, 633, 523, 394, 600, 919, 425, 779, 230, 618, 897, 925, 283, 544, 119, 606, 821, 674, 681, 663, 608, 854], [510, 663, 729, 554, 514, 615, 647, 521, 525, 540, 349, 504, 544, 161, 288, 745, 703, 667, 339, 451, 86, 190, 583, 178, 207, 607, 759, 292, 0, 341, 239, 138, 463, 629, 378, 551, 289, 330, 639, 638, 458, 568, 397, 457, 764, 412, 406, 462, 319, 652], [355, 595, 756, 236, 516, 767, 454, 183, 807, 742, 542, 180, 534, 469, 624, 775, 688, 684, 591, 294, 317, 370, 244, 248, 402, 364, 784, 633, 341, 0, 146, 275, 510, 298, 560, 406, 579, 79, 401, 316, 759, 753, 736, 490, 833, 232, 176, 406, 72, 533], [462, 683, 814, 381, 404, 774, 579, 322, 751, 726, 523, 325, 598, 392, 502, 832, 759, 743, 547, 398, 189, 226, 362, 104, 370, 499, 843, 523, 239, 146, 0, 138, 385, 440, 547, 513, 440, 189, 536, 461, 691, 745, 616, 367, 876, 188, 168, 479, 91, 636], [539, 731, 828, 509, 388, 741, 668, 457, 662, 674, 477, 454, 626, 299, 367, 845, 789, 761, 476, 476, 60, 104, 500, 43, 327, 604, 858, 394, 138, 275, 138, 0, 344, 573, 505, 586, 304, 297, 640, 591, 593, 699, 482, 334, 875, 282, 287, 524, 228, 701], [847, 1063, 1172, 725, 75, 1077, 961, 646, 946, 999, 812, 671, 966, 605, 536, 1189, 1129, 1104, 792, 783, 378, 274, 634, 327, 667, 874, 1202, 600, 463, 510, 385, 344, 0, 758, 840, 898, 386, 571, 912, 792, 864, 1028, 629, 25, 1219, 324, 383, 856, 439, 1021], [358, 590, 801, 85, 742, 908, 359, 118, 1034, 920, 741, 126, 598, 735, 917, 820, 710, 733, 816, 339, 614, 665, 143, 544, 634, 241, 824, 919, 629, 298, 440, 573, 758, 0, 751, 390, 877, 301, 267, 45, 1003, 919, 1026, 734, 902, 436, 375, 478, 352, 496], [448, 439, 401, 666, 891, 237, 566, 684, 299, 182, 30, 639, 302, 258, 485, 413, 414, 358, 120, 430, 462, 567, 777, 536, 179, 599, 427, 425, 378, 560, 547, 505, 840, 751, 0, 457, 591, 497, 613, 736, 302, 198, 533, 834, 405, 734, 704, 323, 586, 485], [51, 205, 411, 322, 914, 549, 111, 390, 755, 591, 460, 335, 217, 569, 809, 430, 321, 343, 558, 114, 591, 690, 487, 584, 427, 166, 434, 779, 551, 406, 513, 586, 898, 390, 457, 0, 840, 332, 166, 356, 753, 579, 898, 880, 513, 637, 578, 133, 474, 128], [798, 944, 981, 812, 460, 810, 936, 761, 600, 708, 561, 757, 817, 334, 157, 995, 969, 926, 502, 740, 267, 222, 800, 337, 460, 889, 1009, 230, 289, 579, 440, 304, 386, 877, 591, 840, 0, 594, 923, 894, 512, 745, 242, 397, 996, 540, 567, 747, 531, 938], [281, 518, 677, 224, 583, 696, 390, 201, 757, 677, 481, 175, 455, 437, 618, 696, 609, 605, 539, 219, 326, 400, 284, 280, 350, 311, 705, 618, 330, 79, 189, 297, 571, 301, 497, 332, 594, 0, 348, 308, 716, 686, 727, 552, 755, 309, 255, 326, 143, 459], [166, 337, 558, 226, 915, 715, 94, 311, 912, 755, 614, 263, 381, 690, 916, 576, 462, 496, 708, 199, 659, 744, 392, 627, 556, 38, 578, 897, 639, 401, 536, 640, 912, 267, 613, 166, 923, 348, 0, 224, 903, 744, 1014, 891, 666, 616, 552, 293, 473, 238], [328, 552, 767, 84, 778, 884, 317, 146, 1024, 901, 728, 137, 568, 736, 926, 786, 675, 700, 807, 315, 629, 686, 187, 564, 628, 201, 789, 925, 638, 316, 461, 591, 792, 45, 736, 356, 894, 308, 224, 0, 997, 899, 1035, 768, 869, 471, 409, 452, 375, 457], [738, 737, 655, 919, 930, 397, 864, 917, 90, 275, 293, 882, 602, 299, 359, 661, 694, 631, 196, 710, 534, 605, 998, 635, 369, 885, 676, 283, 458, 759, 691, 593, 864, 1003, 302, 753, 512, 716, 903, 997, 0, 316, 338, 866, 618, 870, 860, 621, 759, 787], [585, 489, 354, 835, 1082, 81, 679, 864, 257, 41, 224, 816, 376, 428, 615, 357, 413, 347, 243, 584, 653, 754, 960, 732, 377, 738, 371, 544, 568, 753, 745, 699, 1028, 919, 198, 579, 745, 686, 744, 899, 316, 0, 631, 1024, 303, 932, 901, 454, 783, 565], [866, 951, 932, 951, 702, 708, 1005, 918, 426, 590, 508, 901, 814, 329, 114, 942, 945, 890, 418, 817, 427, 433, 974, 523, 473, 985, 957, 119, 397, 736, 616, 482, 629, 1026, 533, 898, 242, 727, 1014, 1035, 338, 631, 0, 639, 919, 752, 767, 781, 704, 972], [829, 1047, 1160, 702, 64, 1071, 942, 622, 947, 995, 805, 648, 952, 602, 544, 1177, 1115, 1092, 789, 765, 371, 270, 610, 314, 659, 853, 1190, 606, 457, 490, 367, 334, 25, 734, 834, 880, 397, 552, 891, 768, 866, 1024, 639, 0, 1209, 299, 359, 841, 418, 1003], [545, 334, 112, 829, 1260, 222, 578, 884, 559, 344, 434, 830, 309, 662, 886, 98, 211, 170, 506, 576, 844, 953, 984, 897, 557, 675, 105, 821, 764, 833, 876, 875, 1219, 902, 405, 513, 996, 755, 666, 869, 618, 303, 919, 1209, 0, 1050, 1004, 438, 884, 434], [586, 827, 980, 411, 307, 959, 679, 327, 934, 914, 710, 359, 759, 571, 639, 999, 917, 908, 734, 526, 343, 321, 311, 239, 558, 578, 1008, 674, 412, 232, 188, 282, 324, 436, 734, 637, 540, 309, 616, 471, 870, 932, 752, 299, 1050, 0, 64, 633, 169, 765], [528, 771, 930, 348, 370, 923, 617, 265, 919, 885, 681, 296, 709, 560, 653, 949, 864, 858, 713, 469, 346, 344, 256, 245, 531, 515, 959, 681, 406, 176, 168, 287, 383, 375, 704, 578, 567, 255, 552, 409, 860, 901, 767, 359, 1004, 64, 0, 581, 121, 706], [131, 208, 352, 399, 882, 433, 243, 448, 622, 463, 328, 394, 131, 453, 699, 371, 283, 280, 427, 141, 516, 622, 548, 531, 308, 285, 380, 663, 462, 406, 479, 524, 856, 478, 323, 133, 747, 326, 293, 452, 621, 454, 781, 841, 438, 633, 581, 0, 464, 193], [423, 660, 811, 299, 444, 803, 526, 234, 813, 768, 565, 242, 591, 462, 591, 830, 748, 739, 602, 362, 278, 314, 272, 194, 417, 435, 840, 608, 319, 72, 91, 228, 439, 352, 586, 474, 531, 143, 473, 375, 759, 783, 704, 418, 884, 169, 121, 464, 0, 602], [179, 100, 324, 437, 1039, 519, 146, 511, 774, 586, 496, 456, 192, 645, 892, 341, 226, 267, 599, 240, 700, 803, 605, 703, 500, 256, 342, 854, 652, 533, 636, 701, 1021, 496, 485, 128, 938, 459, 238, 457, 787, 565, 972, 1003, 434, 765, 706, 193, 602, 0]]}