{"n": 50, "m": 50, "facilities": [{"i": 0, "x": 890, "y": 93}, {"i": 1, "x": 890, "y": 813}, {"i": 2, "x": 175, "y": 74}, {"i": 3, "x": 589, "y": 559}, {"i": 4, "x": 598, "y": 445}, {"i": 5, "x": 444, "y": 692}, {"i": 6, "x": 126, "y": 4}, {"i": 7, "x": 120, "y": 208}, {"i": 8, "x": 525, "y": 513}, {"i": 9, "x": 804, "y": 437}, {"i": 10, "x": 812, "y": 966}, {"i": 11, "x": 639, "y": 413}, {"i": 12, "x": 654, "y": 407}, {"i": 13, "x": 919, "y": 522}, {"i": 14, "x": 798, "y": 235}, {"i": 15, "x": 585, "y": 396}, {"i": 16, "x": 248, "y": 152}, {"i": 17, "x": 823, "y": 795}, {"i": 18, "x": 943, "y": 592}, {"i": 19, "x": 874, "y": 852}, {"i": 20, "x": 558, "y": 973}, {"i": 21, "x": 736, "y": 720}, {"i": 22, "x": 431, "y": 270}, {"i": 23, "x": 789, "y": 558}, {"i": 24, "x": 672, "y": 998}, {"i": 25, "x": 851, "y": 484}, {"i": 26, "x": 413, "y": 121}, {"i": 27, "x": 504, "y": 907}, {"i": 28, "x": 395, "y": 94}, {"i": 29, "x": 658, "y": 602}, {"i": 30, "x": 374, "y": 483}, {"i": 31, "x": 780, "y": 634}, {"i": 32, "x": 752, "y": 444}, {"i": 33, "x": 159, "y": 482}, {"i": 34, "x": 764, "y": 397}, {"i": 35, "x": 576, "y": 761}, {"i": 36, "x": 631, "y": 163}, {"i": 37, "x": 392, "y": 424}, {"i": 38, "x": 258, "y": 610}, {"i": 39, "x": 917, "y": 581}, {"i": 40, "x": 897, "y": 188}, {"i": 41, "x": 217, "y": 78}, {"i": 42, "x": 302, "y": 298}, {"i": 43, "x": 199, "y": 551}, {"i": 44, "x": 252, "y": 114}, {"i": 45, "x": 152, "y": 33}, {"i": 46, "x": 764, "y": 503}, {"i": 47, "x": 526, "y": 305}, {"i": 48, "x": 826, "y": 606}, {"i": 49, "x": 46, "y": 964}], "users": [{"i": 0, "x": 315, "y": 353}, {"i": 1, "x": 552, "y": 668}, {"i": 2, "x": 151, "y": 95}, {"i": 3, "x": 521, "y": 43}, {"i": 4, "x": 656, "y": 872}, {"i": 5, "x": 194, "y": 423}, {"i": 6, "x": 623, "y": 127}, {"i": 7, "x": 97, "y": 313}, {"i": 8, "x": 502, "y": 267}, {"i": 9, "x": 652, "y": 703}, {"i": 10, "x": 838, "y": 796}, {"i": 11, "x": 243, "y": 748}, {"i": 12, "x": 635, "y": 937}, {"i": 13, "x": 181, "y": 794}, {"i": 14, "x": 628, "y": 330}, {"i": 15, "x": 549, "y": 754}, {"i": 16, "x": 363, "y": 365}, {"i": 17, "x": 789, "y": 40}, {"i": 18, "x": 279, "y": 390}, {"i": 19, "x": 530, "y": 158}, {"i": 20, "x": 909, "y": 566}, {"i": 21, "x": 396, "y": 920}, {"i": 22, "x": 795, "y": 913}, {"i": 23, "x": 720, "y": 373}, {"i": 24, "x": 854, "y": 462}, {"i": 25, "x": 315, "y": 620}, {"i": 26, "x": 431, "y": 38}, {"i": 27, "x": 721, "y": 789}, {"i": 28, "x": 497, "y": 78}, {"i": 29, "x": 163, "y": 968}, {"i": 30, "x": 996, "y": 670}, {"i": 31, "x": 406, "y": 432}, {"i": 32, "x": 520, "y": 607}, {"i": 33, "x": 499, "y": 517}, {"i": 34, "x": 595, "y": 945}, {"i": 35, "x": 85, "y": 93}, {"i": 36, "x": 447, "y": 946}, {"i": 37, "x": 128, "y": 793}, {"i": 38, "x": 919, "y": 203}, {"i": 39, "x": 980, "y": 164}, {"i": 40, "x": 682, "y": 406}, {"i": 41, "x": 12, "y": 682}, {"i": 42, "x": 477, "y": 644}, {"i": 43, "x": 813, "y": 633}, {"i": 44, "x": 101, "y": 427}, {"i": 45, "x": 152, "y": 649}, {"i": 46, "x": 936, "y": 667}, {"i": 47, "x": 513, "y": 91}, {"i": 48, "x": 156, "y": 18}, {"i": 49, "x": 55, "y": 954}], "distances": [[631, 736, 312, 343, 298, 363, 397, 243, 264, 496, 789, 330, 343, 627, 497, 273, 212, 673, 672, 749, 666, 559, 143, 516, 737, 552, 252, 585, 271, 424, 143, 543, 446, 202, 451, 484, 369, 105, 263, 644, 605, 292, 57, 229, 247, 359, 473, 216, 570, 668], [667, 368, 704, 115, 228, 111, 789, 631, 157, 342, 395, 269, 280, 395, 498, 274, 599, 299, 398, 371, 305, 191, 416, 261, 351, 351, 564, 244, 595, 125, 257, 231, 300, 435, 344, 96, 511, 292, 300, 375, 591, 678, 447, 372, 630, 750, 269, 364, 281, 586], [739, 1030, 32, 638, 568, 665, 94, 117, 561, 737, 1093, 582, 592, 879, 662, 528, 113, 970, 935, 1047, 968, 856, 330, 788, 1043, 801, 263, 885, 244, 717, 448, 828, 695, 387, 683, 790, 485, 408, 526, 907, 752, 68, 253, 459, 103, 62, 736, 430, 847, 875], [372, 854, 347, 520, 409, 654, 397, 434, 470, 485, 968, 388, 388, 623, 337, 359, 294, 810, 692, 883, 931, 710, 244, 581, 967, 551, 133, 864, 136, 576, 464, 645, 463, 569, 429, 720, 163, 402, 625, 668, 403, 306, 336, 601, 278, 369, 520, 262, 640, 1036], [813, 241, 932, 320, 431, 278, 1017, 853, 382, 459, 182, 459, 465, 438, 653, 481, 828, 184, 401, 219, 141, 172, 643, 341, 127, 434, 789, 156, 821, 270, 480, 268, 439, 632, 487, 137, 709, 520, 476, 391, 725, 907, 674, 558, 859, 979, 384, 582, 316, 617], [770, 798, 350, 418, 405, 367, 424, 227, 343, 610, 823, 445, 460, 732, 633, 392, 276, 731, 768, 804, 660, 618, 282, 610, 748, 660, 373, 575, 386, 497, 190, 623, 558, 69, 571, 510, 508, 198, 198, 740, 741, 346, 165, 128, 314, 392, 576, 352, 658, 561], [269, 736, 451, 433, 319, 593, 512, 509, 398, 359, 860, 286, 282, 494, 206, 272, 376, 697, 564, 767, 848, 604, 239, 462, 872, 424, 210, 789, 230, 476, 434, 531, 342, 584, 305, 636, 37, 376, 605, 541, 281, 409, 364, 600, 371, 480, 402, 203, 520, 1017], [823, 937, 251, 550, 518, 514, 310, 107, 472, 718, 968, 551, 565, 848, 705, 495, 221, 871, 891, 946, 805, 758, 337, 734, 894, 773, 370, 720, 370, 631, 325, 755, 668, 180, 672, 656, 555, 315, 338, 863, 810, 264, 206, 259, 252, 285, 694, 429, 786, 653], [425, 670, 380, 305, 202, 429, 459, 387, 247, 347, 765, 200, 207, 489, 298, 153, 279, 618, 548, 693, 708, 510, 71, 409, 751, 411, 171, 640, 203, 370, 251, 460, 306, 405, 292, 500, 166, 192, 421, 520, 403, 342, 202, 415, 293, 421, 353, 45, 469, 833], [655, 262, 789, 157, 264, 208, 875, 727, 229, 306, 308, 290, 296, 323, 490, 314, 683, 194, 311, 267, 286, 86, 486, 199, 296, 296, 629, 252, 661, 101, 355, 145, 278, 540, 326, 96, 540, 381, 405, 292, 570, 761, 535, 478, 712, 836, 229, 417, 199, 660], [705, 55, 980, 344, 425, 407, 1065, 928, 422, 361, 172, 432, 430, 286, 562, 473, 873, 15, 229, 67, 331, 127, 665, 243, 261, 312, 798, 352, 830, 265, 560, 172, 362, 748, 406, 264, 666, 581, 609, 229, 611, 949, 732, 684, 899, 1026, 302, 582, 190, 810], [921, 650, 677, 394, 467, 209, 753, 554, 367, 641, 609, 519, 534, 713, 756, 491, 596, 582, 717, 640, 387, 494, 514, 578, 497, 663, 650, 306, 671, 440, 296, 549, 593, 279, 628, 333, 702, 357, 139, 694, 861, 671, 454, 202, 634, 721, 576, 526, 600, 292], [882, 284, 978, 381, 493, 311, 1063, 893, 438, 528, 179, 524, 530, 503, 721, 543, 875, 236, 462, 254, 85, 239, 697, 409, 71, 502, 846, 134, 876, 336, 524, 336, 507, 658, 555, 186, 774, 568, 499, 454, 794, 955, 721, 582, 908, 1025, 453, 641, 382, 590], [997, 709, 720, 471, 544, 282, 792, 589, 444, 718, 654, 596, 611, 787, 833, 567, 645, 642, 788, 695, 417, 560, 581, 652, 532, 738, 712, 342, 732, 514, 366, 620, 670, 313, 705, 396, 775, 426, 199, 766, 938, 717, 511, 244, 684, 762, 652, 598, 672, 217], [353, 549, 520, 232, 119, 406, 599, 522, 210, 206, 662, 84, 81, 349, 195, 79, 420, 504, 410, 577, 647, 405, 206, 279, 669, 271, 300, 590, 332, 274, 297, 340, 168, 493, 152, 434, 167, 254, 464, 383, 304, 482, 328, 483, 434, 561, 220, 105, 340, 861], [744, 346, 776, 199, 313, 122, 861, 694, 242, 407, 338, 353, 363, 437, 576, 360, 673, 277, 426, 339, 219, 190, 498, 310, 273, 405, 647, 159, 678, 187, 323, 260, 371, 475, 417, 28, 597, 365, 325, 407, 664, 753, 519, 405, 706, 823, 330, 450, 314, 545], [593, 692, 346, 298, 248, 337, 432, 289, 219, 447, 750, 280, 294, 578, 454, 224, 242, 630, 623, 706, 639, 515, 117, 468, 704, 502, 249, 560, 273, 378, 119, 496, 397, 235, 402, 450, 336, 66, 267, 595, 563, 322, 91, 248, 274, 393, 424, 174, 522, 678], [114, 780, 615, 556, 448, 738, 664, 690, 542, 397, 926, 402, 391, 499, 195, 410, 552, 756, 573, 816, 961, 682, 426, 518, 965, 448, 385, 913, 398, 577, 607, 594, 406, 770, 358, 752, 200, 552, 779, 556, 183, 573, 551, 781, 542, 637, 464, 373, 567, 1186], [679, 743, 333, 353, 324, 344, 415, 242, 275, 527, 785, 361, 375, 653, 542, 306, 240, 678, 694, 753, 646, 564, 194, 537, 724, 580, 301, 564, 318, 434, 133, 557, 476, 151, 485, 475, 419, 118, 221, 666, 650, 318, 95, 180, 277, 379, 498, 261, 588, 619], [366, 747, 365, 405, 295, 541, 432, 413, 355, 391, 856, 277, 278, 533, 279, 244, 282, 701, 599, 775, 815, 599, 149, 477, 852, 458, 123, 749, 149, 462, 361, 538, 362, 493, 334, 605, 101, 300, 528, 573, 368, 323, 268, 514, 281, 398, 417, 147, 537, 940], [473, 248, 884, 320, 334, 482, 964, 866, 388, 166, 412, 310, 301, 45, 349, 366, 780, 245, 43, 288, 537, 232, 562, 120, 493, 100, 666, 529, 698, 254, 541, 146, 199, 755, 223, 386, 490, 536, 652, 17, 378, 847, 664, 710, 797, 926, 158, 463, 92, 950], [963, 505, 874, 409, 516, 233, 955, 764, 427, 632, 419, 562, 574, 657, 794, 557, 782, 445, 638, 483, 170, 394, 651, 534, 287, 630, 799, 109, 826, 412, 438, 479, 594, 498, 639, 240, 793, 496, 339, 622, 887, 861, 629, 418, 819, 920, 556, 629, 532, 353], [825, 138, 1043, 410, 508, 415, 1129, 976, 483, 476, 56, 524, 525, 410, 678, 558, 937, 121, 353, 100, 244, 202, 739, 355, 150, 433, 879, 291, 911, 340, 602, 279, 471, 768, 517, 267, 768, 634, 617, 354, 732, 1016, 788, 697, 966, 1090, 411, 665, 309, 751], [328, 472, 622, 228, 142, 422, 699, 622, 240, 106, 600, 90, 74, 249, 159, 137, 521, 434, 313, 503, 621, 347, 307, 197, 627, 172, 397, 576, 428, 237, 363, 268, 78, 571, 50, 414, 228, 332, 519, 286, 256, 583, 425, 551, 535, 662, 137, 206, 256, 896], [371, 353, 782, 282, 257, 470, 860, 777, 333, 56, 506, 221, 207, 88, 234, 277, 681, 334, 158, 391, 591, 284, 465, 116, 566, 22, 557, 566, 588, 241, 480, 187, 104, 695, 111, 408, 373, 464, 614, 135, 277, 744, 576, 661, 695, 823, 99, 364, 147, 951], [780, 607, 564, 281, 333, 148, 644, 456, 236, 522, 606, 384, 400, 612, 618, 351, 473, 537, 629, 605, 429, 433, 369, 478, 520, 553, 509, 344, 532, 343, 149, 465, 471, 208, 501, 297, 556, 211, 58, 603, 725, 551, 322, 135, 510, 609, 464, 379, 511, 437], [462, 901, 259, 544, 440, 654, 307, 354, 484, 546, 1003, 429, 431, 687, 417, 390, 216, 852, 754, 927, 944, 747, 232, 631, 990, 613, 85, 872, 67, 608, 449, 691, 518, 521, 490, 737, 236, 388, 598, 729, 490, 218, 290, 563, 194, 279, 572, 283, 692, 1003], [716, 171, 900, 265, 365, 293, 985, 836, 339, 362, 199, 385, 388, 332, 559, 416, 793, 102, 297, 165, 246, 71, 595, 241, 215, 332, 736, 247, 768, 197, 463, 166, 346, 640, 394, 148, 632, 491, 496, 286, 626, 872, 645, 574, 822, 946, 289, 522, 211, 697], [393, 833, 322, 490, 381, 616, 378, 399, 436, 472, 942, 364, 365, 613, 339, 330, 260, 788, 681, 861, 897, 685, 203, 562, 936, 539, 94, 829, 103, 548, 423, 624, 446, 527, 416, 688, 159, 362, 583, 655, 415, 280, 294, 559, 248, 348, 502, 229, 622, 994], [1138, 743, 894, 591, 680, 394, 965, 761, 581, 832, 649, 731, 746, 878, 970, 711, 820, 682, 866, 720, 395, 624, 748, 748, 510, 841, 883, 346, 904, 616, 529, 702, 788, 486, 829, 462, 931, 590, 370, 848, 1071, 892, 684, 419, 859, 935, 760, 756, 755, 117], [587, 178, 1015, 422, 457, 552, 1096, 990, 496, 302, 349, 440, 431, 167, 478, 494, 910, 213, 94, 219, 533, 265, 692, 235, 461, 236, 801, 546, 832, 345, 650, 219, 333, 858, 358, 430, 625, 652, 740, 119, 492, 978, 787, 806, 929, 1057, 286, 595, 182, 994], [591, 616, 426, 223, 192, 263, 511, 363, 144, 398, 671, 234, 249, 521, 439, 183, 322, 553, 560, 629, 562, 438, 164, 403, 625, 448, 311, 485, 338, 304, 60, 425, 346, 252, 360, 370, 351, 16, 231, 532, 548, 401, 170, 239, 353, 473, 365, 175, 455, 642], [633, 423, 635, 84, 180, 114, 720, 565, 94, 331, 463, 228, 241, 408, 464, 221, 530, 357, 423, 431, 368, 244, 349, 273, 420, 353, 498, 300, 528, 138, 192, 261, 284, 382, 322, 164, 458, 223, 262, 398, 564, 610, 378, 326, 561, 682, 265, 302, 306, 593], [577, 490, 549, 99, 122, 183, 634, 489, 26, 315, 547, 174, 190, 420, 411, 148, 443, 427, 450, 503, 460, 312, 256, 293, 511, 354, 405, 390, 436, 180, 130, 304, 263, 342, 291, 256, 378, 142, 258, 423, 516, 522, 295, 302, 473, 596, 265, 214, 339, 636], [902, 323, 967, 386, 500, 295, 1051, 877, 438, 549, 218, 534, 541, 533, 738, 549, 866, 273, 496, 294, 46, 266, 695, 433, 93, 527, 844, 99, 874, 349, 512, 362, 525, 636, 573, 185, 783, 559, 475, 486, 815, 946, 710, 559, 899, 1014, 473, 644, 410, 549], [805, 1080, 92, 686, 622, 698, 98, 120, 608, 797, 1136, 640, 650, 938, 727, 585, 173, 1019, 993, 1095, 999, 904, 389, 844, 1079, 860, 329, 916, 310, 766, 485, 881, 754, 396, 744, 829, 550, 451, 545, 965, 818, 133, 299, 472, 168, 90, 793, 489, 901, 872], [961, 463, 913, 412, 523, 254, 995, 807, 440, 622, 366, 567, 577, 634, 793, 567, 819, 405, 609, 437, 114, 367, 676, 517, 231, 614, 826, 69, 854, 404, 469, 456, 587, 546, 634, 226, 804, 525, 386, 595, 882, 898, 664, 466, 855, 959, 545, 646, 509, 401], [1035, 762, 721, 517, 585, 332, 789, 585, 486, 764, 706, 637, 652, 836, 872, 605, 652, 695, 839, 748, 466, 612, 604, 702, 581, 786, 730, 393, 748, 563, 396, 671, 715, 313, 749, 449, 806, 454, 224, 817, 978, 721, 525, 252, 690, 760, 699, 630, 723, 190], [114, 611, 755, 485, 402, 682, 818, 799, 501, 261, 770, 350, 334, 319, 125, 386, 673, 600, 390, 651, 850, 548, 493, 378, 832, 289, 513, 817, 535, 477, 613, 453, 293, 810, 248, 655, 291, 571, 776, 378, 27, 713, 624, 800, 673, 786, 338, 406, 414, 1158], [115, 655, 810, 556, 474, 752, 869, 861, 573, 325, 819, 422, 407, 363, 195, 458, 732, 650, 430, 696, 912, 607, 559, 438, 889, 345, 569, 882, 589, 544, 685, 511, 361, 880, 318, 721, 349, 643, 849, 422, 86, 768, 691, 872, 730, 838, 402, 475, 468, 1230], [376, 457, 606, 179, 93, 372, 686, 596, 190, 126, 575, 44, 28, 264, 207, 98, 503, 414, 320, 486, 580, 319, 285, 186, 592, 186, 392, 532, 424, 197, 317, 248, 80, 528, 82, 370, 248, 291, 471, 293, 306, 569, 395, 504, 520, 648, 127, 186, 246, 846], [1057, 888, 629, 590, 632, 432, 688, 486, 540, 829, 849, 682, 698, 921, 904, 640, 580, 819, 935, 879, 619, 725, 588, 787, 732, 862, 690, 541, 702, 651, 413, 769, 777, 248, 804, 570, 808, 459, 256, 911, 1014, 638, 481, 228, 617, 664, 773, 637, 818, 284], [689, 446, 645, 141, 233, 58, 730, 564, 140, 387, 465, 282, 296, 459, 520, 270, 543, 378, 469, 448, 339, 270, 377, 324, 404, 407, 527, 264, 556, 186, 191, 303, 340, 357, 379, 153, 505, 236, 222, 444, 620, 623, 388, 293, 576, 692, 320, 343, 351, 537], [545, 196, 848, 236, 286, 374, 931, 813, 312, 196, 333, 280, 276, 153, 398, 329, 742, 162, 136, 227, 425, 116, 527, 79, 391, 154, 650, 413, 682, 158, 464, 33, 199, 671, 241, 269, 504, 470, 555, 116, 453, 814, 611, 619, 764, 893, 139, 436, 30, 835], [857, 878, 361, 506, 497, 433, 424, 220, 433, 703, 892, 538, 553, 823, 723, 485, 312, 810, 858, 882, 712, 699, 365, 700, 808, 752, 437, 627, 444, 584, 279, 710, 651, 80, 664, 581, 592, 291, 241, 830, 831, 368, 239, 158, 348, 397, 667, 442, 747, 540], [924, 756, 575, 446, 490, 295, 646, 442, 397, 686, 732, 541, 557, 777, 767, 501, 506, 687, 793, 750, 519, 588, 471, 643, 626, 718, 589, 436, 606, 508, 277, 628, 634, 167, 662, 439, 682, 329, 113, 768, 876, 575, 382, 109, 544, 616, 629, 508, 675, 332], [576, 153, 965, 363, 404, 493, 1047, 936, 439, 265, 324, 391, 384, 146, 454, 443, 859, 171, 75, 195, 486, 207, 642, 183, 423, 202, 756, 494, 788, 285, 591, 159, 289, 799, 320, 372, 589, 596, 680, 88, 481, 929, 734, 746, 880, 1008, 238, 547, 126, 938], [377, 815, 338, 474, 364, 605, 397, 410, 422, 452, 925, 346, 346, 592, 319, 313, 272, 769, 660, 842, 883, 667, 197, 542, 921, 518, 104, 816, 118, 531, 416, 605, 426, 527, 396, 673, 138, 354, 578, 635, 396, 296, 296, 557, 262, 366, 482, 214, 603, 990], [738, 1082, 59, 693, 615, 733, 33, 193, 617, 772, 1153, 624, 632, 914, 678, 572, 163, 1024, 974, 1100, 1036, 911, 373, 832, 1108, 837, 277, 955, 251, 770, 514, 877, 733, 464, 716, 853, 497, 470, 601, 947, 760, 86, 316, 535, 136, 16, 778, 468, 891, 952], [1199, 847, 888, 664, 744, 469, 953, 749, 645, 910, 757, 796, 811, 966, 1034, 770, 825, 784, 959, 825, 503, 720, 781, 834, 619, 924, 907, 451, 925, 698, 569, 792, 864, 483, 902, 556, 978, 628, 399, 939, 1138, 891, 701, 428, 863, 926, 840, 802, 846, 13]], "facilities_distances": [[0, 720, 715, 555, 457, 747, 769, 779, 556, 355, 876, 407, 393, 430, 169, 430, 645, 705, 502, 759, 941, 646, 492, 476, 931, 393, 478, 901, 495, 559, 647, 552, 377, 828, 329, 738, 268, 598, 817, 489, 95, 673, 623, 829, 638, 740, 429, 421, 517, 1213], [720, 0, 1028, 394, 470, 462, 1113, 979, 472, 386, 172, 472, 470, 292, 585, 517, 921, 69, 227, 42, 369, 180, 711, 274, 286, 331, 840, 397, 873, 314, 612, 210, 394, 802, 435, 318, 700, 632, 664, 234, 625, 997, 782, 739, 946, 1074, 335, 625, 217, 857], [715, 1028, 0, 638, 563, 674, 85, 145, 561, 726, 1096, 575, 583, 868, 643, 521, 107, 969, 926, 1046, 977, 856, 322, 782, 1049, 791, 243, 896, 221, 716, 455, 824, 685, 408, 672, 795, 465, 412, 542, 899, 731, 42, 257, 478, 87, 47, 729, 420, 841, 899], [555, 394, 638, 0, 114, 197, 723, 586, 79, 247, 464, 154, 165, 332, 386, 163, 531, 332, 356, 409, 415, 218, 329, 200, 447, 273, 472, 358, 504, 81, 228, 205, 199, 437, 238, 202, 398, 239, 335, 329, 482, 608, 388, 390, 558, 684, 184, 262, 242, 677], [457, 470, 563, 114, 0, 291, 646, 534, 100, 206, 563, 52, 68, 330, 290, 51, 456, 416, 375, 492, 530, 308, 242, 222, 558, 256, 373, 471, 405, 168, 227, 262, 154, 441, 173, 317, 284, 207, 378, 347, 394, 529, 330, 413, 479, 607, 176, 157, 279, 758], [747, 462, 674, 197, 291, 0, 758, 582, 196, 441, 459, 340, 354, 505, 578, 328, 574, 393, 509, 459, 303, 293, 422, 370, 382, 457, 572, 223, 600, 232, 220, 341, 395, 354, 435, 149, 561, 273, 203, 486, 678, 655, 419, 283, 609, 721, 372, 396, 392, 482], [769, 1113, 85, 723, 646, 758, 0, 204, 647, 804, 1182, 656, 664, 947, 711, 604, 192, 1054, 1007, 1131, 1061, 941, 405, 864, 1134, 869, 310, 979, 284, 800, 539, 908, 765, 479, 749, 881, 529, 497, 620, 979, 793, 117, 343, 552, 167, 39, 810, 501, 923, 963], [779, 979, 145, 586, 534, 582, 204, 0, 507, 721, 1026, 558, 570, 858, 679, 502, 140, 916, 908, 992, 882, 801, 317, 755, 964, 781, 306, 798, 298, 667, 374, 786, 675, 277, 671, 717, 513, 347, 425, 880, 777, 162, 203, 352, 162, 178, 708, 417, 810, 760], [556, 472, 561, 79, 100, 196, 647, 507, 0, 289, 536, 152, 167, 394, 390, 131, 455, 410, 425, 487, 461, 296, 261, 268, 507, 327, 408, 395, 439, 160, 154, 282, 237, 367, 266, 253, 366, 160, 284, 398, 494, 533, 310, 328, 483, 608, 239, 208, 315, 658], [355, 386, 726, 247, 206, 441, 804, 721, 289, 0, 529, 167, 153, 143, 202, 223, 625, 359, 208, 421, 590, 291, 409, 122, 576, 66, 503, 558, 534, 220, 432, 198, 52, 647, 57, 396, 324, 412, 573, 183, 266, 688, 521, 616, 640, 767, 77, 308, 170, 923], [876, 172, 1096, 464, 563, 459, 1182, 1026, 536, 529, 0, 579, 581, 457, 731, 614, 990, 171, 396, 130, 254, 257, 793, 409, 144, 484, 934, 314, 967, 395, 652, 334, 525, 813, 571, 313, 823, 686, 659, 399, 783, 1069, 840, 740, 1020, 1143, 465, 720, 360, 766], [407, 472, 575, 154, 52, 340, 656, 558, 152, 167, 579, 0, 16, 300, 239, 57, 470, 424, 353, 498, 566, 322, 252, 209, 586, 224, 369, 512, 402, 190, 274, 262, 117, 485, 126, 354, 250, 247, 429, 325, 342, 539, 356, 461, 489, 618, 154, 156, 269, 809], [393, 470, 583, 165, 68, 354, 664, 570, 167, 153, 581, 16, 0, 289, 224, 70, 479, 423, 343, 496, 574, 324, 262, 203, 591, 212, 374, 522, 406, 195, 290, 260, 105, 501, 110, 362, 245, 263, 445, 315, 327, 547, 368, 477, 497, 626, 146, 164, 263, 825], [430, 292, 868, 332, 330, 505, 947, 858, 394, 143, 457, 300, 289, 0, 311, 357, 766, 289, 74, 333, 578, 270, 549, 135, 536, 78, 646, 566, 677, 273, 546, 179, 184, 761, 199, 418, 460, 536, 667, 59, 335, 831, 656, 721, 782, 910, 156, 449, 125, 979], [169, 585, 643, 386, 290, 578, 711, 679, 390, 202, 731, 239, 224, 311, 0, 267, 556, 561, 385, 622, 776, 489, 369, 323, 773, 255, 402, 733, 427, 393, 491, 399, 214, 685, 166, 571, 182, 448, 657, 366, 110, 602, 500, 677, 559, 677, 270, 281, 372, 1047], [430, 517, 521, 163, 51, 328, 604, 502, 131, 223, 614, 57, 70, 357, 267, 0, 416, 465, 408, 540, 578, 357, 199, 260, 608, 280, 324, 517, 357, 219, 228, 308, 174, 435, 179, 365, 237, 195, 391, 380, 375, 486, 299, 416, 436, 565, 209, 108, 320, 783], [645, 921, 107, 531, 456, 574, 192, 140, 455, 625, 990, 470, 479, 766, 556, 416, 0, 863, 823, 939, 878, 749, 218, 676, 946, 688, 168, 797, 158, 609, 354, 718, 582, 342, 571, 692, 383, 308, 458, 795, 650, 80, 156, 402, 38, 153, 624, 317, 735, 837], [705, 69, 969, 332, 416, 393, 1054, 916, 410, 359, 171, 424, 423, 289, 561, 465, 863, 0, 236, 76, 319, 115, 655, 239, 253, 312, 789, 338, 821, 254, 547, 167, 358, 734, 402, 249, 661, 569, 595, 234, 611, 939, 720, 670, 889, 1015, 298, 573, 189, 795], [502, 227, 926, 356, 375, 509, 1007, 908, 425, 208, 396, 353, 343, 74, 385, 408, 823, 236, 0, 269, 542, 243, 605, 158, 488, 142, 709, 540, 740, 285, 579, 168, 242, 792, 265, 404, 530, 576, 685, 28, 407, 890, 705, 745, 840, 969, 200, 506, 118, 971], [759, 42, 1046, 409, 492, 459, 1131, 992, 487, 421, 130, 498, 496, 333, 622, 540, 939, 76, 269, 0, 338, 191, 731, 306, 249, 369, 864, 374, 897, 330, 621, 237, 426, 805, 468, 312, 731, 645, 662, 274, 664, 1015, 796, 739, 965, 1092, 366, 648, 251, 836], [941, 369, 977, 415, 530, 303, 1061, 882, 461, 590, 254, 566, 574, 578, 776, 578, 878, 319, 542, 338, 0, 309, 714, 475, 117, 570, 864, 85, 894, 384, 523, 405, 563, 633, 612, 213, 813, 574, 471, 532, 855, 958, 722, 554, 912, 1024, 513, 669, 454, 512], [646, 180, 856, 218, 308, 293, 941, 801, 296, 291, 257, 322, 324, 270, 489, 357, 749, 115, 243, 191, 309, 0, 544, 170, 285, 263, 681, 298, 713, 141, 433, 97, 276, 624, 324, 165, 567, 454, 490, 228, 556, 826, 605, 563, 776, 902, 219, 465, 145, 732], [492, 711, 322, 329, 242, 422, 405, 317, 261, 409, 793, 252, 262, 549, 369, 199, 218, 655, 605, 731, 714, 544, 0, 459, 767, 471, 150, 641, 180, 402, 220, 504, 365, 345, 356, 512, 227, 159, 381, 577, 473, 288, 132, 364, 237, 366, 406, 101, 519, 794], [476, 274, 782, 200, 222, 370, 864, 755, 268, 122, 409, 209, 203, 135, 323, 260, 676, 239, 158, 306, 475, 170, 459, 0, 455, 97, 576, 451, 609, 138, 422, 77, 120, 635, 163, 294, 425, 419, 534, 130, 385, 747, 552, 590, 697, 825, 60, 365, 61, 847], [931, 286, 1049, 447, 558, 382, 1134, 964, 507, 576, 144, 586, 591, 536, 773, 608, 946, 253, 488, 249, 117, 285, 767, 455, 0, 544, 914, 191, 945, 396, 595, 380, 560, 728, 608, 256, 836, 639, 567, 484, 841, 1026, 792, 651, 979, 1096, 503, 708, 421, 627], [393, 331, 791, 273, 256, 457, 869, 781, 327, 66, 484, 224, 212, 78, 255, 280, 688, 312, 142, 369, 570, 263, 471, 97, 544, 0, 569, 547, 600, 226, 477, 166, 107, 692, 123, 390, 389, 463, 606, 117, 300, 753, 580, 655, 704, 832, 89, 371, 125, 937], [478, 840, 243, 472, 373, 572, 310, 306, 408, 503, 934, 369, 374, 646, 402, 324, 168, 789, 709, 864, 864, 681, 150, 576, 914, 569, 0, 791, 32, 540, 364, 631, 468, 441, 447, 660, 222, 304, 513, 682, 489, 201, 209, 480, 161, 275, 519, 216, 637, 919], [901, 397, 896, 358, 471, 223, 979, 798, 395, 558, 314, 512, 522, 566, 733, 517, 797, 338, 540, 374, 85, 298, 641, 451, 191, 547, 791, 0, 820, 342, 443, 388, 525, 547, 572, 163, 755, 496, 386, 526, 819, 877, 642, 469, 832, 942, 480, 602, 441, 462], [495, 873, 221, 504, 405, 600, 284, 298, 439, 534, 967, 402, 406, 677, 427, 357, 158, 821, 740, 897, 894, 713, 180, 609, 945, 600, 32, 820, 0, 572, 390, 663, 500, 454, 477, 691, 246, 330, 534, 714, 511, 179, 224, 497, 144, 251, 551, 248, 669, 937], [559, 314, 716, 81, 168, 232, 800, 667, 160, 220, 395, 190, 195, 273, 393, 219, 609, 254, 285, 330, 384, 141, 402, 138, 396, 226, 540, 342, 572, 0, 308, 126, 184, 513, 231, 179, 440, 320, 400, 260, 478, 685, 468, 462, 635, 761, 145, 325, 168, 711], [647, 612, 455, 228, 227, 220, 539, 374, 154, 432, 652, 274, 290, 546, 491, 228, 354, 547, 579, 621, 523, 433, 220, 422, 595, 477, 364, 443, 390, 308, 0, 433, 380, 215, 399, 344, 410, 62, 172, 552, 600, 434, 199, 188, 389, 502, 391, 234, 468, 582], [552, 210, 824, 205, 262, 341, 908, 786, 282, 198, 334, 262, 260, 179, 399, 308, 718, 167, 168, 237, 405, 97, 504, 77, 380, 166, 631, 388, 663, 126, 433, 0, 192, 639, 238, 240, 494, 441, 523, 147, 461, 791, 584, 587, 741, 869, 132, 416, 54, 805], [377, 394, 685, 199, 154, 395, 765, 675, 237, 52, 525, 117, 105, 184, 214, 174, 582, 358, 242, 426, 563, 276, 365, 120, 560, 107, 468, 525, 500, 184, 380, 192, 0, 594, 49, 363, 306, 361, 521, 214, 294, 648, 473, 563, 599, 727, 60, 265, 178, 877], [828, 802, 408, 437, 441, 354, 479, 277, 367, 647, 813, 485, 501, 761, 685, 435, 342, 734, 792, 805, 633, 624, 345, 635, 728, 692, 441, 547, 454, 513, 215, 639, 594, 0, 611, 502, 570, 240, 162, 764, 794, 408, 233, 80, 380, 449, 605, 407, 678, 495], [329, 435, 672, 238, 173, 435, 749, 671, 266, 57, 571, 126, 110, 199, 166, 179, 571, 402, 265, 468, 612, 324, 356, 163, 608, 123, 447, 572, 477, 231, 399, 238, 49, 611, 0, 410, 269, 373, 549, 239, 248, 633, 472, 586, 585, 712, 106, 255, 218, 915], [738, 318, 795, 202, 317, 149, 881, 717, 253, 396, 313, 354, 362, 418, 571, 365, 692, 249, 404, 312, 213, 165, 512, 294, 256, 390, 660, 163, 691, 179, 344, 240, 363, 502, 410, 0, 601, 384, 352, 386, 657, 772, 538, 432, 724, 842, 319, 459, 294, 568], [268, 700, 465, 398, 284, 561, 529, 513, 366, 324, 823, 250, 245, 460, 182, 237, 383, 661, 530, 731, 813, 567, 227, 425, 836, 389, 222, 755, 246, 440, 410, 494, 306, 570, 269, 601, 0, 354, 582, 506, 267, 423, 356, 581, 382, 496, 365, 177, 484, 992], [598, 632, 412, 239, 207, 273, 497, 347, 160, 412, 686, 247, 263, 536, 448, 195, 308, 569, 576, 645, 574, 454, 159, 419, 639, 463, 304, 496, 330, 320, 62, 441, 361, 240, 373, 384, 354, 0, 229, 548, 557, 388, 155, 231, 340, 459, 380, 179, 471, 641], [817, 664, 542, 335, 378, 203, 620, 425, 284, 573, 659, 429, 445, 667, 657, 391, 458, 595, 685, 662, 471, 490, 381, 534, 567, 606, 513, 386, 534, 400, 172, 523, 521, 162, 549, 352, 582, 229, 0, 660, 766, 534, 315, 83, 496, 587, 517, 406, 568, 413], [489, 234, 899, 329, 347, 486, 979, 880, 398, 183, 399, 325, 315, 59, 366, 380, 795, 234, 28, 274, 532, 228, 577, 130, 484, 117, 682, 526, 714, 260, 552, 147, 214, 764, 239, 386, 506, 548, 660, 0, 394, 862, 677, 719, 813, 941, 172, 479, 94, 951], [95, 625, 731, 482, 394, 678, 793, 777, 494, 266, 783, 342, 327, 335, 110, 375, 650, 611, 407, 664, 855, 556, 473, 385, 841, 300, 489, 819, 511, 478, 600, 461, 294, 794, 248, 657, 267, 557, 766, 394, 0, 689, 605, 787, 649, 761, 342, 389, 424, 1152], [673, 997, 42, 608, 529, 655, 117, 162, 533, 688, 1069, 539, 547, 831, 602, 486, 80, 939, 890, 1015, 958, 826, 288, 747, 1026, 753, 201, 877, 179, 685, 434, 791, 648, 408, 633, 772, 423, 388, 534, 862, 689, 0, 236, 473, 50, 79, 693, 383, 806, 902], [623, 782, 257, 388, 330, 419, 343, 203, 310, 521, 840, 356, 368, 656, 500, 299, 156, 720, 705, 796, 722, 605, 132, 552, 792, 580, 209, 642, 224, 468, 199, 584, 473, 233, 472, 538, 356, 155, 315, 677, 605, 236, 0, 273, 191, 305, 505, 224, 608, 714], [829, 739, 478, 390, 413, 283, 552, 352, 328, 616, 740, 461, 477, 721, 677, 416, 402, 670, 745, 739, 554, 563, 364, 590, 651, 655, 480, 469, 497, 462, 188, 587, 563, 80, 586, 432, 581, 231, 83, 719, 787, 473, 273, 0, 440, 520, 567, 409, 629, 440], [638, 946, 87, 558, 479, 609, 167, 162, 483, 640, 1020, 489, 497, 782, 559, 436, 38, 889, 840, 965, 912, 776, 237, 697, 979, 704, 161, 832, 144, 635, 389, 741, 599, 380, 585, 724, 382, 340, 496, 813, 649, 50, 191, 440, 0, 129, 643, 334, 756, 875], [740, 1074, 47, 684, 607, 721, 39, 178, 608, 767, 1143, 618, 626, 910, 677, 565, 153, 1015, 969, 1092, 1024, 902, 366, 825, 1096, 832, 275, 942, 251, 761, 502, 869, 727, 449, 712, 842, 496, 459, 587, 941, 761, 79, 305, 520, 129, 0, 772, 462, 885, 937], [429, 335, 729, 184, 176, 372, 810, 708, 239, 77, 465, 154, 146, 156, 270, 209, 624, 298, 200, 366, 513, 219, 406, 60, 503, 89, 519, 480, 551, 145, 391, 132, 60, 605, 106, 319, 365, 380, 517, 172, 342, 693, 505, 567, 643, 772, 0, 310, 120, 853], [421, 625, 420, 262, 157, 396, 501, 417, 208, 308, 720, 156, 164, 449, 281, 108, 317, 573, 506, 648, 669, 465, 101, 365, 708, 371, 216, 602, 248, 325, 234, 416, 265, 407, 255, 459, 177, 179, 406, 479, 389, 383, 224, 409, 334, 462, 310, 0, 425, 815], [517, 217, 841, 242, 279, 392, 923, 810, 315, 170, 360, 269, 263, 125, 372, 320, 735, 189, 118, 251, 454, 145, 519, 61, 421, 125, 637, 441, 669, 168, 468, 54, 178, 678, 218, 294, 484, 471, 568, 94, 424, 806, 608, 629, 756, 885, 120, 425, 0, 858], [1213, 857, 899, 677, 758, 482, 963, 760, 658, 923, 766, 809, 825, 979, 1047, 783, 837, 795, 971, 836, 512, 732, 794, 847, 627, 937, 919, 462, 937, 711, 582, 805, 877, 495, 915, 568, 992, 641, 413, 951, 1152, 902, 714, 440, 875, 937, 853, 815, 858, 0]]}